0,1.9740282553236197,0.29114,1.8810846042633056,33.33
1,1.920902700375413,0.31936,1.8374862813949584,35.19
2,1.9093243609304014,0.32164,1.8625281405448915,34.41
3,1.905068708197845,0.32658,1.8302282404899597,36.12
4,1.902543476475474,0.32704,1.839360647201538,35.35
5,1.8998705633461017,0.32814,1.8401774632930756,35.48
6,1.8957961477586984,0.3286,1.8204284727573394,36.55
7,1.8960380566394544,0.33002,1.867739074230194,34.1
8,1.8952156527877768,0.33234,1.8551259124279023,34.58
9,1.8899437551913054,0.33416,1.8422950279712678,35.9
10,1.890940863762975,0.33244,1.8006094300746918,37.45
11,1.8911716236787683,0.33556,1.815073858499527,36.3
12,1.89081188510446,0.33438,1.8136163926124573,36.51
13,1.8886534384144542,0.33468,1.8037039065361022,37.66
14,1.8881562326265418,0.33526,1.8350794005393982,35.57
15,1.8870471249455991,0.33554,1.8636346757411957,34.92
16,1.8906647244377819,0.3354,1.7918897461891174,37.66
17,1.8843794747081863,0.33718,1.9222602200508119,35.05
18,1.8866806576014175,0.33756,1.8169257366657257,37.12
19,1.8895412351164367,0.33316,1.8271831011772155,36.41
20,1.887549289657027,0.336,1.8121336996555328,36.27
21,1.8898445184883255,0.33566,1.8212593305110931,36.15
22,1.8846875578546158,0.33664,1.8515187549591063,34.89
23,1.8856746302846144,0.33922,1.840405020713806,35.87
24,1.8868436599936327,0.33534,1.8182296681404113,36.96
25,1.8851019759922076,0.33914,1.8201090753078462,36.69
26,1.8869788954629922,0.33668,1.834561095237732,36.38
27,1.8846677252093849,0.33656,1.8096097576618195,37.18
28,1.884550220826093,0.3363,1.7857025289535522,38.49
29,1.8827902557294998,0.3393,1.8021804094314575,37.78
30,1.88050173554579,0.33794,1.8047125041484833,37.58
31,1.8850814506525884,0.3375,1.829823330640793,37.63
32,1.885913346124732,0.3367,1.8170653760433197,37.74
33,1.8852174705861475,0.33844,1.8048684084415436,36.88
34,1.8834731539192102,0.33852,1.8285693287849427,35.89
35,1.8854369601935073,0.33714,1.817374416589737,36.91
36,1.886304615708568,0.3356,1.803981511592865,37.28
37,1.8821555403492334,0.33856,1.8101295804977418,36.47
38,1.8877894533869555,0.337,1.8256369400024415,36.6
39,1.8851750957996338,0.3411,1.8510986924171449,35.07
40,1.8833449630786085,0.3391,1.8025957345962524,38.06
41,1.8822228015231355,0.33928,1.8121209573745727,38.05
42,1.8839185600695403,0.33882,1.8036851298809051,37.2
43,1.8842686615941469,0.33998,1.8035967302322389,37.9
44,1.8564109741269474,0.35238,1.7740039837360382,38.63
45,1.8482704638215282,0.35668,1.7704267144203185,39.01
46,1.848845979441767,0.35858,1.7696470606327057,39.14
47,1.8494813109907653,0.35884,1.7713837337493896,38.66
48,1.846775124749869,0.36058,1.770607441663742,38.84
49,1.849300771113247,0.35902,1.7688418245315551,39.26
50,1.848143735505126,0.36052,1.767820370197296,39.16
51,1.843773319288288,0.36168,1.7692497777938843,39.03
52,1.8423989934994436,0.36136,1.7687905073165893,39.04
53,1.8465036455627597,0.36138,1.7689512872695923,38.96
54,1.8424713486600715,0.36266,1.7689232158660888,38.91
55,1.8437165890813179,0.3606,1.7691844916343689,38.92
56,1.8430733019128784,0.35862,1.7686068224906921,38.91
57,1.8441195478829582,0.36042,1.7685444676876068,38.88
58,1.843328496989082,0.35928,1.768562104701996,38.89
59,1.8469520115181612,0.3613,1.7685724735260009,38.9
60,1.844782777454542,0.35872,1.768554129600525,38.88
61,1.8458550915388805,0.36106,1.7685050821304322,38.88
62,1.84456572294845,0.3591,1.7684692740440369,38.86
63,1.842776150959532,0.36174,1.7685390102863312,38.88
64,1.8446966071262993,0.36312,1.7685323786735534,38.84
65,1.8412402188381576,0.36106,1.7685293114185334,38.84
66,1.8436752694951908,0.3629,1.7685244512557983,38.84
67,1.8463125616083365,0.35822,1.7685329747200011,38.84
68,1.8428742391678987,0.35892,1.7685319590568542,38.83
69,1.8449857143489905,0.36126,1.7685354554653168,38.83
70,1.8445167157351208,0.36044,1.7685287344455718,38.84
71,1.8412758624157333,0.36054,1.7685325515270234,38.84
72,1.8418487520778881,0.36172,1.768534895181656,38.85
73,1.8430310442014728,0.36016,1.7685436177253724,38.84
74,1.8447487988435398,0.3591,1.7685517430305482,38.84
75,1.8420993973836874,0.36018,1.7685520350933075,38.84
76,1.8447942877059702,0.3616,1.7685516571998596,38.84
77,1.8437900811510013,0.36284,1.76855144739151,38.84
78,1.8454889013334308,0.36022,1.7685513508319854,38.84
79,1.8420525328887394,0.3582,1.768551722764969,38.84
80,1.8430562845581329,0.3617,1.7685514986515045,38.84
81,1.845564101358204,0.35742,1.76855149269104,38.84
82,1.8436542456717138,0.36308,1.768551504611969,38.84
83,1.8438770877735695,0.35864,1.7685514771938324,38.84
84,1.845940922227357,0.362,1.7685514390468597,38.84
85,1.8435539809029426,0.3617,1.7685513615608215,38.84
86,1.8455853864664922,0.35978,1.768551343679428,38.84
87,1.8467999376604318,0.3593,1.7685512828826904,38.84
88,1.8458641002245266,0.35972,1.7685512864589692,38.84
89,1.8432764427741166,0.36048,1.7685512816905975,38.84
90,1.8447447118856717,0.36172,1.7685512924194335,38.84
91,1.8451024967691172,0.36034,1.768551278114319,38.84
92,1.8456395946805129,0.3592,1.7685512936115264,38.84
93,1.8461111329705513,0.36078,1.7685512936115264,38.84
94,1.8472922637944331,0.3627,1.7685512948036193,38.84
95,1.8425838474727347,0.36246,1.7685512912273407,38.84
96,1.8408546792271803,0.36138,1.768551288843155,38.84
97,1.8447009181732412,0.36124,1.768551288843155,38.84
98,1.842569044179014,0.35996,1.7685512912273407,38.84
99,1.8475392895281468,0.3641,1.768551288843155,38.84
100,1.8442542705389544,0.36092,1.7685512864589692,38.84
101,1.844695350093305,0.36182,1.7685512912273407,38.84
102,1.8458769266562693,0.36004,1.7685512900352478,38.84
103,1.8425680682482317,0.36154,1.7685512936115264,38.84
104,1.8475494293300696,0.35882,1.7685512900352478,38.84
105,1.8420100648079991,0.36208,1.7685512900352478,38.84
106,1.8450977037020047,0.3598,1.7685512900352478,38.84
107,1.8446239348872544,0.36094,1.7685512900352478,38.84
108,1.8416278636668955,0.36224,1.768551287651062,38.84
109,1.8456693671243576,0.35988,1.768551287651062,38.84
110,1.8442302951422493,0.36118,1.768551287651062,38.84
111,1.8461263411490203,0.3586,1.768551287651062,38.84
112,1.8419108842035083,0.36126,1.768551287651062,38.84
113,1.8429164054143765,0.36326,1.768551287651062,38.84
114,1.8470601114775518,0.36014,1.768551287651062,38.84
115,1.8424333434580538,0.36172,1.768551287651062,38.84
116,1.8425763647269715,0.35948,1.768551287651062,38.84
117,1.8444727741543898,0.36232,1.768551287651062,38.84
118,1.843118322169994,0.3616,1.768551287651062,38.84
119,1.842508909342539,0.36094,1.768551287651062,38.84
120,1.8440781907962107,0.36084,1.768551287651062,38.84
121,1.8457005231276802,0.36096,1.768551287651062,38.84
122,1.84308418075142,0.3606,1.768551287651062,38.84
123,1.846737588153166,0.36112,1.768551287651062,38.84
124,1.8451767001310577,0.36116,1.768551287651062,38.84
125,1.8433595002459748,0.36082,1.768551287651062,38.84
126,1.8464480729968957,0.36068,1.768551287651062,38.84
127,1.8456125713675224,0.35944,1.768551287651062,38.84
128,1.8437277654857587,0.36132,1.768551287651062,38.84
129,1.8441333328671468,0.35896,1.768551287651062,38.84
130,1.843129772969219,0.35964,1.768551287651062,38.84
131,1.8472377305750347,0.3626,1.768551287651062,38.84
132,1.8469116084106134,0.35972,1.768551287651062,38.84
133,1.8445401743549825,0.36108,1.768551287651062,38.84
134,1.8445231634027817,0.35922,1.768551287651062,38.84
135,1.8432462849580418,0.36146,1.768551287651062,38.84
136,1.8415369883827541,0.362,1.768551287651062,38.84
137,1.8432312905026214,0.35962,1.768551287651062,38.84
138,1.8432530189109275,0.35996,1.768551287651062,38.84
139,1.8434103715145373,0.36094,1.768551287651062,38.84
140,1.8447724050268188,0.36216,1.768551287651062,38.84
141,1.8444277026769145,0.35986,1.768551287651062,38.84
142,1.8439416123168242,0.36054,1.768551287651062,38.84
143,1.8426448320183912,0.35938,1.768551287651062,38.84
144,1.8426528138577785,0.361,1.768551287651062,38.84
145,1.8450099214568467,0.3604,1.768551287651062,38.84
146,1.8444742266174472,0.3604,1.768551287651062,38.84
147,1.843449301731861,0.36238,1.768551287651062,38.84
148,1.8443955411691495,0.36144,1.768551287651062,38.84
149,1.8423562949270849,0.36236,1.768551287651062,38.84
150,1.845771782233587,0.3596,1.768551287651062,38.84
151,1.8430209611078052,0.36162,1.768551287651062,38.84
152,1.8433634289695173,0.36222,1.768551287651062,38.84
153,1.8417669565171537,0.3618,1.768551287651062,38.84
154,1.8419813786626167,0.36104,1.768551287651062,38.84
155,1.843773179346948,0.36162,1.768551287651062,38.84
156,1.842429319610986,0.36026,1.768551287651062,38.84
157,1.8422752240734637,0.36118,1.768551287651062,38.84
158,1.845587786201321,0.36096,1.768551287651062,38.84
159,1.8435114000154578,0.36048,1.768551287651062,38.84
160,1.8450700200122336,0.35902,1.768551287651062,38.84
161,1.8434574597936761,0.36158,1.768551287651062,38.84
162,1.8474213433692523,0.35586,1.768551287651062,38.84
163,1.8441450547074418,0.35984,1.768551287651062,38.84
164,1.8432453669550475,0.3593,1.768551287651062,38.84
165,1.8450656226833764,0.36066,1.768551287651062,38.84
166,1.8428345357670504,0.36214,1.768551287651062,38.84
