0,1.3223088312027094,0.52178,1.163903105854988,60.52
1,0.7532977980878347,0.7369,0.9272808974981308,69.64
2,0.5566124256004763,0.80742,0.6387791275978089,78.47
3,0.456905963094643,0.84156,1.2667720514535903,67.73
4,0.38451121111050285,0.86896,0.5794218188524246,81.2
5,0.335912537963494,0.88304,0.7375037086009979,79.23
6,0.29329628670764396,0.8985,0.6749936625361442,78.89
7,0.25871019720878746,0.91006,0.6850767454504967,79.21
8,0.22698439047921953,0.92052,0.5713524407148362,82.8
9,0.20143556127996395,0.93146,0.8023974817991256,79.7
10,0.1863936070743424,0.93482,0.46343759760260583,85.97
11,0.16391128430243038,0.9441,0.427746666520834,87.4
12,0.1448402774837011,0.94962,0.5420752519369125,84.86
13,0.1293751010695077,0.95386,0.6076387968659401,84.48
14,0.1173017484509884,0.959,0.3938922666013241,88.8
15,0.10891010640832165,0.96188,0.4353300732374191,88.08
16,0.09589627611896266,0.96702,0.4945449198782444,87.98
17,0.09044750225837425,0.96774,0.5252960979938507,86.86
18,0.08210981749665097,0.97068,0.43580672428011896,88.88
19,0.07664050364299961,0.973,0.40631307035684583,89.44
20,0.06597770806259054,0.97754,0.6250149551033973,84.8
21,0.06050436030549314,0.97884,0.42773655280470846,89.59
22,0.06008692569268481,0.97898,0.7323534345626831,84.75
23,0.05002907413484343,0.98226,0.5118873175606131,88.68
24,0.050338812758360066,0.9823,0.439931650608778,90.15
25,0.04747042784472103,0.98356,0.43025653041899203,90.29
26,0.04415934644353664,0.98438,0.5625874790549278,88.3
27,0.03805142271396754,0.9874,0.6051356439292431,87.33
28,0.0354614724426547,0.98784,0.5255151718854905,88.75
29,0.02873985764220395,0.99026,0.4356126281619072,90.86
30,0.03276345095194667,0.98858,0.7060129708051681,85.96
31,0.028248375472243483,0.99,0.38545832999050617,91.57
32,0.028571707875374944,0.99066,0.527478694319725,90.05
33,0.028403634924794096,0.99056,0.5472954812645913,88.6
34,0.029516146072874897,0.99042,0.6221852504462003,88.58
35,0.02926239458953633,0.98986,0.4571111873537302,90.73
36,0.024969147546859957,0.9911,0.48572884663939475,89.97
37,0.022206719745607936,0.9926,0.9703209313750267,84.61
38,0.022402519175587485,0.99202,0.39665876030921937,91.58
39,0.02181672278905997,0.9924,0.41001664578914643,91.57
40,0.017814721173756872,0.99386,0.45042032450437547,90.97
41,0.014680153990397826,0.99506,0.4112609712779522,91.5
42,0.016583345504120335,0.99448,0.4459766921401024,90.92
43,0.013687559205781468,0.9955,0.48507320150732997,90.54
44,0.016457875335441373,0.99472,0.41753328137099743,91.79
45,0.016805825316730666,0.99422,0.7340607315301895,88.25
46,0.01471910473075993,0.9953,0.4538951453566551,91.26
47,0.010572421743208184,0.99688,0.49069148786365985,90.89
48,0.016112053539375285,0.99468,0.43441742300987246,91.77
49,0.012118547590320829,0.99606,0.42978618420660497,91.93
50,0.011818245468932726,0.99602,0.4401332797110081,91.86
51,0.009837763879419592,0.99708,0.4492209742218256,91.53
52,0.014560280831011437,0.99512,0.4477389408648014,91.92
53,0.012633285439951951,0.99558,0.41909169882535935,92.03
54,0.010071529364308624,0.99686,0.4731199969351292,91.56
55,0.011970014475724277,0.9962,0.6416868760436774,89.31
56,0.01094821461088136,0.99608,0.4314565786719322,91.9
57,0.011394895575083126,0.9963,0.5636487150192261,90.01
58,0.010309429701996485,0.99656,0.43094972521066666,92.02
59,0.007432156502057219,0.9977,0.42853603638708593,92.27
60,0.0072066950864251465,0.99784,0.5582125252485275,90.54
61,0.009217800766862618,0.9969,0.4672176355868578,91.32
62,0.008557840948328947,0.99724,0.48117261797189714,91.51
63,0.007112364863495693,0.99764,0.48920599892735483,91.31
64,0.008876293950030565,0.99726,0.6482928565144539,89.16
65,0.008952863465594438,0.99714,0.4218878059834242,92.42
66,0.007680358636714613,0.99764,0.6709445226192474,89.22
67,0.007486894602894478,0.99764,0.5054365458339453,91.53
68,0.006815049079153925,0.99766,0.5033104774355889,91.17
69,0.007179185043058127,0.99754,0.45708619013428686,92.16
70,0.006556444070147127,0.9979,0.43594211250543596,92.31
71,0.005492358018294015,0.99836,0.464534929767251,91.63
72,0.00785179781582197,0.99758,0.5397706985473633,90.57
73,0.005031211535110498,0.99854,0.42652779281139375,92.61
74,0.006582434582130988,0.99788,0.436917294152081,92.41
75,0.00482651748327667,0.99846,0.4854053492099047,91.48
76,0.007289687433587316,0.99754,0.4410400765389204,92.11
77,0.008784502139672294,0.99684,0.5550238810479641,91.25
78,0.008146628086000224,0.99726,0.5598047176003456,90.97
79,0.0062193794600556,0.99796,0.4267097591608763,92.37
80,0.006468001171908416,0.99778,0.4954395524412394,91.71
81,0.0058269179309271705,0.99812,0.42650984451174734,92.54
82,0.004469288698852519,0.9986,0.4441596568375826,92.31
83,0.005420705727527818,0.99812,0.44884841501712797,91.94
84,0.004853393736026247,0.99844,0.4353128104656935,92.24
85,0.004270648849351555,0.9987,0.4594553545117378,92.35
86,0.00625191172657837,0.998,0.46793840125203134,92.02
87,0.005124277991416585,0.9984,0.4240883644670248,92.48
88,0.0037075441373545497,0.99892,0.4197062587738037,93.02
89,0.005285544216137408,0.99832,0.4970123119652271,91.74
90,0.004763812323927384,0.9985,0.47367995746433733,91.99
91,0.0038893620984967025,0.9987,0.40840114280581474,92.74
92,0.004089337529253115,0.99882,0.4434995841234922,92.56
93,0.0031091566700750337,0.9991,0.41136741545051336,93.0
94,0.0034471304520465613,0.99902,0.4678372976183891,92.47
95,0.0025097522417159603,0.99914,0.44641462415456773,92.75
96,0.002722442293029917,0.99922,0.446222991719842,92.7
97,0.002828344273978792,0.99908,0.4370623525977135,92.8
98,0.0030682618831596375,0.99908,0.45605780854821204,92.26
99,0.0030618076196105323,0.99906,0.455514869838953,92.41
100,0.004304169334204453,0.99854,0.49579216428101064,91.51
101,0.0026497883527019225,0.99918,0.4088213422894478,93.09
102,0.0036786699348547356,0.99886,0.43516197554767133,92.8
103,0.0022403095327296874,0.99936,0.42242388777434825,93.12
104,0.0016131351959160374,0.99962,0.4469470489770174,92.2
105,0.0014289996184124623,0.9997,0.42942835131660106,93.03
106,0.0015402399860989407,0.99956,0.42537494882941246,93.15
107,0.0014180184402705534,0.99962,0.4405725883692503,93.07
108,0.0019534509266888045,0.99958,0.4086550859734416,93.23
109,0.0021200480708933396,0.99932,0.5274778513610363,92.22
110,0.0029271527495987886,0.99918,0.48253879114985465,91.95
111,0.0026213706344785288,0.9992,0.5431449165940285,91.51
112,0.0018269970880278273,0.99956,0.40958781763911245,93.33
113,0.0026172739807921257,0.99922,0.4324043233692646,93.01
114,0.0020094856067085424,0.9994,0.4355063933134079,93.04
115,0.0011025670296697142,0.99978,0.4277217852324247,93.35
116,0.0018203120078424664,0.99938,0.4359776260703802,92.93
117,0.0012799624067893766,0.99968,0.4352400268614292,93.16
118,0.0011747584756686474,0.99972,0.43568851951509713,93.28
119,0.0017795623320302524,0.99944,0.4295539499074221,92.97
120,0.002148473779197492,0.99932,0.45048247650265694,92.99
121,0.0018014608765654552,0.99948,0.45740459896624086,92.61
122,0.002806169589173973,0.99916,0.45840787544846534,92.61
123,0.0011217845256215253,0.99978,0.4370281336084008,93.19
124,0.001311289130315861,0.99974,0.48531361907720566,92.82
125,0.002075481912135468,0.99934,0.48359312683343886,92.44
126,0.0018467548653296412,0.99952,0.4279943060129881,93.12
127,0.001584529265156373,0.99948,0.45489643804728985,92.83
128,0.0016029542288207032,0.9995,0.49339805528521535,92.27
129,0.0012923169604507382,0.99968,0.43767689932137727,93.11
130,0.0012336551343374279,0.99962,0.4456829273700714,92.85
131,0.0014223500971903887,0.99968,0.4664034067466855,92.97
132,0.0011647795224288369,0.99974,0.4312225368991494,93.37
133,0.0006478850666047705,0.99986,0.43701949059963224,93.31
134,0.0006829381313310731,0.99986,0.43751898933202027,93.3
135,0.0008544837537905216,0.99968,0.4350203753262758,93.03
136,0.001112986729531537,0.99974,0.4425143712759018,93.04
137,0.0007980522197073378,0.99976,0.4680340649932623,93.13
138,0.0006850155742119645,0.99984,0.4295441734045744,93.43
139,0.000516468036883806,0.99996,0.42332943990826605,93.61
140,0.00046076227153372734,0.9999,0.43809553757309916,93.33
141,0.0005385486594856242,0.99984,0.4268409814313054,93.5
142,0.00028806127360104904,0.99998,0.42440378323197364,93.57
143,0.00033717210907155594,0.99992,0.4299228972569108,93.43
144,0.00032593739002629223,0.99996,0.4401211092993617,93.5
145,0.00048267500444679803,0.99992,0.42731645312160255,93.48
146,0.00031512350682407386,0.99994,0.4260769446566701,93.44
147,0.0004631973117047101,0.99988,0.42854695085436106,93.46
148,0.0005519404207044245,0.99982,0.4331376552209258,93.32
149,0.00033387379611053627,0.99998,0.4193927551060915,93.53
150,0.0005658995712652456,0.99982,0.4451153879612684,93.42
151,0.0004996352183525814,0.9999,0.43117955029010774,93.22
152,0.000516000921688968,0.99988,0.43518815994262694,93.34
153,0.0006550293634910255,0.99976,0.4375339824706316,93.33
154,0.000359663123372392,0.99994,0.44325427994132044,93.22
155,0.0005472725099997709,0.99986,0.43525962203741075,93.42
156,0.00044868633227228635,0.99988,0.4874018481373787,93.1
157,0.0011611042711053097,0.99964,0.46160039231181144,93.21
158,0.0007661089207024297,0.9998,0.5315781508386135,92.41
159,0.000718025935572915,0.99982,0.44353618420660496,93.57
160,0.0007684666995683213,0.99974,0.45788978472352027,93.07
161,0.0009076454164728265,0.99968,0.4698769610375166,93.16
162,0.0006766282593655159,0.99984,0.45897189967334273,93.16
163,0.00225452489182091,0.99924,0.49734178200364115,92.78
164,0.0018577973383343052,0.9994,0.4673353113979101,92.77
165,0.0013265053634746167,0.9996,0.4748670493066311,92.87
166,0.0008711114554377773,0.99972,0.4585815394669771,92.92
167,0.0014303383677054548,0.99948,0.4619263276457787,93.05
168,0.0011623026291027552,0.99972,0.46548462264239787,92.93
169,0.0006284517629030089,0.9999,0.4516538621485233,93.18
170,0.0017668951006220353,0.99952,0.4728028616309166,92.81
171,0.002088079005098709,0.99944,0.4557934553921223,92.93
172,0.0014679718981770909,0.9994,0.5501236212253571,92.0
173,0.004397682653105272,0.99868,0.5342870865017175,92.08
174,0.004194877286086721,0.99856,0.5139865592122078,92.45
175,0.002772959283623181,0.99908,0.49188640840351583,92.48
176,0.0037767671887069714,0.99872,0.6116092306375503,91.25
177,0.004254910289822027,0.99868,0.6664226815104485,90.64
178,0.003416176563810052,0.99904,0.4927646474540234,92.25
179,0.0033591570680403648,0.99886,0.5566306471079588,91.75
180,0.004826691751468086,0.99834,0.4977721231430769,92.45
181,0.00277724576464323,0.99918,0.47850826278328895,92.55
182,0.003190351277351608,0.99892,0.47041916988790033,92.83
183,0.0023315684417175736,0.99932,0.464017441291362,92.75
184,0.005478646368016977,0.99818,0.8898832383751869,88.78
185,0.004473181922569909,0.99854,0.8005770412087441,88.96
186,0.008754670415121272,0.99716,0.5808904804289341,91.21
187,0.008131136048745284,0.99746,0.4632405084371567,92.54
188,0.005370756516845235,0.99826,0.5522349592298269,91.69
189,0.0050729566141772455,0.99828,0.5142154933512211,92.04
190,0.007172825780180295,0.99762,0.4444105793535709,92.45
191,0.005496754834447485,0.9981,0.44517475448548793,92.97
192,0.003970297546956041,0.99856,0.4982437311857939,92.25
193,0.0055583596486798335,0.99802,0.47853183530271054,92.12
194,0.0034769522895574416,0.99886,0.43496985524892806,92.85
195,0.0033460419239176205,0.99896,0.4388409935683012,92.88
196,0.0030443447267921296,0.99892,0.44528958775103095,92.66
197,0.002882135377409618,0.99908,0.43907686565071347,93.06
198,0.0014420982516939987,0.99966,0.44890975683927536,92.92
199,0.0017328908033308733,0.99946,0.4325203938782215,93.15
200,0.002474050349591638,0.99916,0.4515955226123333,93.12
201,0.001753803083400392,0.9996,0.4351629476994276,93.22
202,0.0010615097897132034,0.99976,0.4909489291906357,92.68
203,0.0009035186922770766,0.99974,0.42452754758298394,93.19
204,0.0007616935435996946,0.99976,0.49031967267394067,92.59
205,0.0010426553276479435,0.9997,0.44342875242233276,93.08
206,0.0011469089828641213,0.99976,0.42010896366089584,93.37
207,0.0006138809025138759,0.9999,0.4484229002892971,93.05
208,0.0006112554837065889,0.9999,0.42565687775611877,93.45
209,0.0004600618730413506,0.99986,0.420794397816062,93.48
210,0.0005756751560304454,0.99988,0.4371688997372985,93.23
211,0.0003428952544537189,0.99996,0.4273499381169677,93.38
212,0.0004519771203323377,0.99992,0.42285012945532796,93.45
213,0.0005428887370144925,0.99984,0.4335746195167303,93.32
214,0.000901340557944455,0.9997,0.4438625121489167,93.26
215,0.0004072588499393695,0.99988,0.45861979901790617,93.23
216,0.0005968352050882584,0.99982,0.43442916952073574,93.45
217,0.0004020232049709,0.99994,0.43163626417517664,93.3
218,0.00023844406162650632,0.99996,0.4299082400277257,93.59
219,0.0002046206818355466,0.99998,0.4227158771455288,93.5
220,0.00014184088737387068,1.0,0.41558302380144596,93.63
221,0.00020398102949916496,0.99996,0.420707001388073,93.47
222,0.00029936848241654806,0.99994,0.42303889196366073,93.5
223,0.00017637095753224972,0.99998,0.42615565363317726,93.53
224,0.00018066740630486253,0.99998,0.44007039204239845,93.39
225,0.00015898381390839892,0.99998,0.41884966645389793,93.69
226,0.00026490987299213807,0.99992,0.43144257940351965,93.41
227,0.00021156130163307564,0.99994,0.44077428326010704,93.45
228,0.0003493718460233182,0.99992,0.41433319315314293,93.61
229,0.0003850088895425005,0.9999,0.4260919382423162,93.62
230,0.0002441697127526374,0.99994,0.41677493050694464,93.71
231,0.00018176458337727715,0.99998,0.424892355427146,93.69
232,0.0002124561468501451,0.99998,0.4184464132040739,93.54
233,0.000265978202414446,0.9999,0.42252327896654607,93.46
234,0.0002353628578069864,0.99996,0.4161707016825676,93.64
235,0.000216730815522811,0.99998,0.41558158278465274,93.77
236,0.00016924215818914915,0.99996,0.41361620619893075,93.79
237,0.0001851048387076153,0.99994,0.4139663719385862,93.84
238,9.601792640527924e-05,1.0,0.41662211261689663,93.94
239,0.00016155259497986605,0.99998,0.40999719776213167,93.75
240,7.627101811875715e-05,1.0,0.4089214807376266,93.79
241,7.475281844053731e-05,1.0,0.4131990162283182,93.71
242,0.00013150830974710745,0.99998,0.4130027936771512,93.74
243,0.00010260522098843884,0.99998,0.42085295636206865,93.65
244,0.00013360481739313343,0.99996,0.4218296241015196,93.62
245,0.00011908115096785643,0.99998,0.42650804117321967,93.6
246,0.0002792182728610075,0.99988,0.42723367244005206,93.56
247,0.00020144258046910838,0.99996,0.4252426702529192,93.56
248,7.870888237081006e-05,1.0,0.4258507293462753,93.47
249,0.00012183739705701404,0.99996,0.4256380117684603,93.55
250,0.000215811592995968,0.99994,0.41770410887897014,93.59
251,8.999228934709625e-05,1.0,0.4096373084932566,93.63
252,0.00016662711682340875,0.99996,0.42134433321654796,93.64
253,0.00015499630318697045,0.99998,0.4193475588411093,93.81
254,0.000170650136897631,0.99996,0.4351939734816551,93.46
255,0.00037774079285152353,0.99992,0.43537765510380266,93.54
256,0.00037507015039830473,0.99988,0.4414197853952646,93.35
257,0.00023835194118306351,0.99998,0.431879602894187,93.47
258,0.0002491377255953181,0.9999,0.4502017293125391,93.31
259,0.0002605756720923402,0.99994,0.4298868165910244,93.56
260,0.0002071688451808389,0.99998,0.42893588706851005,93.49
261,0.00021289058429810703,0.99994,0.42846430111676453,93.54
262,0.0003653843976471506,0.99992,0.447757892459631,93.36
263,0.0003776903135601974,0.99986,0.4706501884758472,93.07
264,0.000318237068250661,0.99994,0.4465949320048094,93.28
265,0.00032243576196241616,0.99992,0.45018676564097404,93.48
266,0.00014422858119643952,1.0,0.470634578615427,93.24
267,0.00011189406751976598,1.0,0.4525361208617687,93.33
268,0.00016191037719511924,0.99994,0.4538857942819595,93.27
269,0.00024577957932720297,0.99992,0.4555029773712158,93.18
270,0.0002643397378036185,0.99994,0.4338391236960888,93.53
271,0.00021827212907612095,0.99992,0.4410127925127745,93.43
272,0.0002845502932659586,0.99992,0.46015372693538664,93.17
273,0.00027286055717555346,0.99994,0.4420430780947208,93.37
274,0.00021597353355658937,0.99996,0.4332466255128384,93.48
275,0.00012124637737484647,1.0,0.4345574893802404,93.66
276,0.00023179386774122078,0.99996,0.43275758109986784,93.76
277,0.0002835067012883208,0.99994,0.4285301047563553,93.74
278,0.00011318309418380717,1.0,0.4293239266611636,93.76
279,9.202676470316562e-05,1.0,0.42522260583937166,93.82
280,0.00010400677434480785,1.0,0.4288803793862462,93.74
281,0.00017807157828917373,0.99994,0.42976590145379306,93.73
282,0.0001316610142587722,1.0,0.43940114341676234,93.66
283,7.407266998958602e-05,1.0,0.42327762886881826,93.87
284,8.772483567049687e-05,0.99998,0.4427952352911234,93.81
285,7.380534849461818e-05,1.0,0.4315252538770437,93.95
286,5.455995955218798e-05,1.0,0.4309442514926195,93.93
287,0.00012359876195090148,0.99998,0.42077808432281016,93.85
288,0.00013250649130791236,0.99998,0.43452163591980936,93.53
289,0.00010315915379111115,0.99998,0.44252893432974816,93.31
290,0.00011556751244841419,0.99996,0.44182839676737784,93.48
291,8.18410492909681e-05,0.99998,0.4331014595925808,93.62
292,5.6057901638548086e-05,1.0,0.43122834600508214,93.64
293,4.316762166043125e-05,1.0,0.4342537046223879,93.72
294,5.01716304636683e-05,1.0,0.4366799801588058,93.7
295,4.248422430366721e-05,1.0,0.431778446957469,93.74
296,3.642427265819776e-05,1.0,0.43309859178960325,93.76
297,5.396633882973245e-05,1.0,0.4310340500622988,93.79
298,4.875681856099297e-05,1.0,0.4331076330691576,93.66
299,5.383104315328905e-05,1.0,0.4323732125759125,93.76
300,3.934354733346458e-05,1.0,0.4312711127847433,93.82
301,3.4811993693131085e-05,1.0,0.43397156476974486,93.84
302,5.319979794518202e-05,1.0,0.43115179903805256,93.8
303,3.5145844492344763e-05,1.0,0.42872395530343055,93.92
304,3.4118706688696196e-05,1.0,0.43076804384589196,93.8
305,6.624240704509608e-05,1.0,0.4317489596456289,93.7
306,0.00010792134934585973,0.99996,0.43707337364554405,93.71
307,3.343803422225406e-05,1.0,0.4322518149763346,93.67
308,3.2404697883655044e-05,1.0,0.4267807945609093,93.65
309,4.1203044564522745e-05,1.0,0.42784815579652785,93.71
310,4.5555986246973026e-05,1.0,0.4299919421970844,93.65
311,7.880748537846717e-05,0.99996,0.43790471330285075,93.71
312,4.3667132592204056e-05,1.0,0.4276472944021225,93.71
313,7.599607834493018e-05,1.0,0.4406381717324257,93.8
314,7.317544287422102e-05,0.99998,0.42920650079846384,93.75
315,0.00013192311272338403,0.99996,0.46370238475501535,93.56
316,6.480705174126946e-05,1.0,0.4408102261275053,93.82
317,8.510417302504651e-05,0.99998,0.43884338542819024,93.73
318,5.453369577827356e-05,1.0,0.43768555868417025,93.75
319,0.00014068292229998188,0.99996,0.44573148153722286,93.61
320,8.127830179358024e-05,1.0,0.4455362217128277,93.71
321,0.00011510816795769949,0.99998,0.4461514037102461,93.79
322,8.65612550617179e-05,1.0,0.44229968294501304,93.58
323,4.797097667005917e-05,1.0,0.44055766612291336,93.64
324,0.00010286068825041959,0.99998,0.44494141153991223,93.48
325,6.454495518171179e-05,0.99998,0.4480782709270716,93.57
326,5.797087345845075e-05,1.0,0.44259629473090173,93.65
327,4.476174292955207e-05,1.0,0.43956831984221933,93.62
328,5.28387896847655e-05,1.0,0.4410233413428068,93.58
329,7.197104794606573e-05,1.0,0.43324590776115657,93.69
330,5.553805881402502e-05,1.0,0.43851047704927626,93.77
331,3.7435661343967217e-05,1.0,0.4332501462474465,93.82
332,6.541527826767748e-05,0.99998,0.4379978872090578,93.77
333,8.156923457350144e-05,0.99998,0.45219016648828986,93.5
334,4.4851805395249836e-05,1.0,0.44801594872027634,93.59
335,3.940017937156765e-05,1.0,0.4469022054411471,93.74
336,2.966247441637439e-05,1.0,0.44139516513794663,93.68
337,6.479038606847428e-05,0.99998,0.44431726191192866,93.72
338,2.945547975847483e-05,1.0,0.4468900169804692,93.66
339,2.7970782936541894e-05,1.0,0.4405592099949718,93.62
340,3.7800625462056426e-05,1.0,0.43759397890418766,93.66
341,4.149710049691318e-05,1.0,0.4353872046247125,93.56
342,4.056067494175318e-05,1.0,0.44015605203807356,93.69
343,2.3851999083994984e-05,1.0,0.4358640779182315,93.71
344,2.9940861263511882e-05,1.0,0.43635004341602324,93.73
345,3.637498068196587e-05,1.0,0.43974053097888827,93.74
346,2.9751917591196117e-05,1.0,0.43924969553947446,93.75
347,1.9442695943349076e-05,1.0,0.4430604905821383,93.74
348,3.373495986687818e-05,1.0,0.4443174037337303,93.69
349,2.0195642853957538e-05,1.0,0.4383308946155012,93.7
350,2.757763618706296e-05,1.0,0.443455837816,93.78
351,3.0230119100195835e-05,1.0,0.44094205563887956,93.69
352,2.1146756151331823e-05,1.0,0.44194313399493695,93.79
353,3.5075142103082995e-05,1.0,0.4377870358154178,93.77
354,7.372721076926307e-05,0.99996,0.44095047790557146,93.68
355,6.333542296953519e-05,0.99998,0.4573868116736412,93.68
356,0.0001478744665910478,0.99996,0.437837845236063,93.65
357,0.00018450962689221668,0.99994,0.46599156558513644,93.64
358,6.943544387184355e-05,1.0,0.4495339889079332,93.61
359,9.86762059307026e-05,0.99998,0.449289298132062,93.46
360,0.00020102569666664922,0.99998,0.4566103168204427,93.28
361,7.42663145818211e-05,1.0,0.45026632510125636,93.54
362,9.784055182995067e-05,0.99998,0.4514194408804178,93.48
363,6.271394736626568e-05,1.0,0.4466872472316027,93.48
364,4.183660681738192e-05,1.0,0.44286211058497427,93.56
365,4.8308994840289465e-05,1.0,0.44506313182413576,93.36
366,2.869906480355031e-05,1.0,0.44554404813796283,93.61
367,4.25268888815611e-05,1.0,0.44606187954545023,93.49
368,2.9802082411354156e-05,1.0,0.4361922863125801,93.64
369,7.177329886646401e-05,0.99998,0.43646307922899724,93.62
370,2.781985436796623e-05,1.0,0.4381105714291334,93.65
371,7.13015380110695e-05,0.99998,0.4396920866891742,93.65
372,4.600406912598203e-05,1.0,0.441952056940645,93.6
373,4.332428012064396e-05,0.99998,0.4441241530701518,93.7
374,3.60422731960973e-05,1.0,0.43845944706350565,93.76
375,1.744905778038961e-05,1.0,0.44118934754282235,93.69
376,4.3312214371986865e-05,0.99998,0.4419199324399233,93.83
377,2.7369679240009668e-05,1.0,0.443656059615314,93.78
378,2.9279005801949275e-05,1.0,0.4369207265600562,93.78
379,2.390209518758322e-05,1.0,0.43856693947687747,93.66
380,2.2448134391348723e-05,1.0,0.4436770159564912,93.73
381,2.54656766986829e-05,1.0,0.4398542155697942,93.67
382,2.952634602251565e-05,1.0,0.43111140638589857,93.79
383,2.094729782065467e-05,1.0,0.43245682552456854,93.73
384,1.9620888678546738e-05,1.0,0.43448691178113225,93.72
385,2.5448185940900736e-05,1.0,0.4350196284428239,93.58
386,2.3883443964136035e-05,1.0,0.4343275597691536,93.66
387,1.9528547210445867e-05,1.0,0.4347264325991273,93.79
388,1.844990131588292e-05,1.0,0.43472873263061046,93.8
389,2.5552393071150378e-05,1.0,0.43183286149054767,93.74
390,1.8676799109272296e-05,1.0,0.432404605448246,93.76
391,6.251370205575458e-05,0.99998,0.43606161542236804,93.71
392,2.5273771848856493e-05,1.0,0.43426943853497507,93.77
393,2.173894201679823e-05,1.0,0.4334448903799057,93.85
394,1.7259283291351235e-05,1.0,0.43079691763967276,93.78
395,1.921551611733908e-05,1.0,0.4369117856770754,93.8
396,1.5310150430519113e-05,1.0,0.4321124901622534,93.89
397,2.620621867987918e-05,1.0,0.4341022448986769,93.78
398,1.7446302392047e-05,1.0,0.43420447383075955,93.78
399,1.6761058583966015e-05,1.0,0.4333944793045521,93.73
