0,1.8310922176941582,0.34162,1.7217575931549072,39.42
1,1.2900050358699107,0.5303,1.2691597878932952,56.68
2,0.994220325404116,0.6452,1.275352355837822,58.92
3,0.7889076760967674,0.7245,1.0036205923557282,68.08
4,0.6619151904607368,0.76916,0.6978950017690658,75.75
5,0.5664106876496464,0.80144,0.8444542127847672,71.86
6,0.5071168675294617,0.82546,0.6893332552909851,77.35
7,0.4539482166700046,0.84438,0.9389371883869171,69.36
8,0.41774271310442856,0.85688,0.5383992511034011,82.62
9,0.37877789505607334,0.86902,0.6986009484529495,79.27
10,0.34864591191644256,0.88056,0.4552261100709438,85.05
11,0.3225765637958141,0.88992,0.4963328620791435,83.57
12,0.29668856231147983,0.8976,0.4077293615043163,86.92
13,0.2754443892280159,0.90372,0.46059035032987594,84.82
14,0.2578838434251373,0.90996,0.7849292555451393,76.51
15,0.2391764228911046,0.91586,0.44747604817152026,86.05
16,0.2248890563998076,0.92166,0.43969507738947866,85.82
17,0.21015809628817125,0.92656,0.45977655813097956,86.6
18,0.19517973196857116,0.93144,0.3572185869514942,88.76
19,0.1861100364905184,0.93482,0.3640026547014713,89.16
20,0.17428537815466255,0.94028,0.390009414255619,88.37
21,0.16560743219407317,0.94244,0.531885946393013,84.69
22,0.15350870774758746,0.94558,0.3387762847542763,90.21
23,0.14704889337272595,0.9482,0.32672968935221436,90.44
24,0.13282353891169324,0.95342,0.4087048763036728,88.75
25,0.1274739860097313,0.95528,0.3635874805599451,89.7
26,0.12160708993444662,0.9569,0.36962951175868514,89.57
27,0.11370606746172052,0.95924,0.4253866162896156,88.71
28,0.11074311823567466,0.96098,0.3873398979008198,89.64
29,0.10584190341613024,0.96212,0.4262191666662693,88.93
30,0.09707464755553266,0.96664,0.3550972122699022,90.62
31,0.09096283666656145,0.9675,0.5606830587983131,86.32
32,0.08516243748519274,0.9698,0.404078811109066,90.22
33,0.08414282162657098,0.96948,0.3668584917485714,90.77
34,0.07748285884423481,0.97258,0.37739006474614145,90.39
35,0.07394527335701238,0.97352,0.3738547655940056,90.97
36,0.07240337043848184,0.97362,0.5157023739814758,88.32
37,0.06701337542299114,0.97604,0.42080040611326697,90.22
38,0.0639876255960873,0.97704,0.4972228040546179,88.56
39,0.06177217194624721,0.9778,0.4188100757449865,90.26
40,0.0593612237840586,0.97938,0.45175343692302705,90.01
41,0.0550439209936906,0.98104,0.3669964247941971,91.44
42,0.05404360450404074,0.98056,0.4575414834916592,90.21
43,0.05081231982621086,0.98218,0.40034873627126216,90.99
44,0.04813629398813181,0.98354,0.43894685052335264,90.85
45,0.04584707718466401,0.98426,0.48412466019392014,89.91
46,0.04508318732042447,0.98444,0.4351770381629467,90.58
47,0.041075747760246174,0.98534,0.4139256674051285,91.03
48,0.03936402371529576,0.98602,0.42255204647779465,91.0
49,0.04077149556516229,0.98586,0.6421313373744488,88.0
50,0.03525256950055699,0.98756,0.45245029523968694,90.86
51,0.037529094416238466,0.98706,0.4502874685078859,91.07
52,0.034791741848868483,0.9878,0.4537838312983513,90.93
53,0.03336270063724893,0.98896,0.405828703045845,91.74
54,0.028702314642955886,0.99022,0.5613578380644322,89.78
55,0.028576227967315317,0.99038,0.5532776205241681,90.31
56,0.03154648163015275,0.98904,0.48887186393141746,90.91
57,0.03167728910251232,0.98824,0.4231842090189457,91.58
58,0.030622523435203317,0.98948,0.43825682908296587,90.93
59,0.028976593685843755,0.98988,0.4555408810824156,90.91
60,0.024034705956268797,0.99158,0.45145550429821013,91.47
61,0.025548527703222718,0.99152,0.4259036719799042,91.61
62,0.024902111314751608,0.9913,0.4792382492125034,91.14
63,0.02500559389591217,0.99082,0.4820476821064949,91.34
64,0.026806007561874113,0.99038,0.43221846014261245,92.18
65,0.023284139802388828,0.99202,0.4389998834580183,91.49
66,0.019012393944365595,0.99342,0.4111998426914215,92.53
67,0.01985291432103385,0.9933,0.40209005534648895,92.43
68,0.019057458795397483,0.99344,0.47453938879072666,91.54
69,0.023504396205020074,0.99172,0.4340250682830811,92.13
70,0.018837865351525415,0.99364,0.4256101680546999,92.28
71,0.019361427430149236,0.99356,0.5243175005167723,90.81
72,0.01769442309904129,0.99364,0.45744684133678676,91.71
73,0.016449686911557338,0.99402,0.43573119707405567,92.16
74,0.019979256526817143,0.99346,0.5728840263932944,90.57
75,0.01627880222904865,0.99426,0.46276264362037184,91.68
76,0.0168359919619101,0.99354,0.46596724532544614,92.3
77,0.016413240467229157,0.99424,0.40626847179606557,92.81
78,0.015604139071629594,0.99458,0.4177425625920296,92.89
79,0.015861310710287308,0.99432,0.4184101848304272,92.56
80,0.014108073871458888,0.99538,0.6985698272287846,89.82
81,0.016021150023774113,0.99436,0.47147068835794925,92.65
82,0.016398572365341285,0.99432,0.49243689693510534,91.82
83,0.012602363145598174,0.9959,0.4608370414376259,92.33
84,0.013874655079734904,0.9952,0.4781489589065313,91.98
85,0.012692621835243062,0.99548,0.4703781813383102,91.8
86,0.01559057773467239,0.99478,0.43353747606277465,92.42
87,0.01466341427220103,0.9952,0.4301811186596751,92.64
88,0.013967647029044072,0.99516,0.5483535617589951,90.9
89,0.015725530700072113,0.99464,0.48772345565259456,91.94
90,0.013695021981702131,0.99536,0.47306164861191063,92.23
91,0.010822218883296719,0.9963,0.4538935999572277,92.05
92,0.013295833297702663,0.99544,0.4656353010609746,92.09
93,0.012151747463209092,0.99558,0.4445324117317796,92.56
94,0.01408402596497932,0.99484,0.44129410639405253,92.55
95,0.01232135223934565,0.99568,0.42009591110050676,92.97
96,0.011538925001878872,0.99576,0.46328069649636744,92.01
97,0.011275298860105103,0.99586,0.436204314827919,92.85
98,0.010435318336119432,0.9966,0.44915599927306177,92.46
99,0.008631404731264862,0.99734,0.4298647880926728,92.92
100,0.008793284699720951,0.99708,0.45784544870257377,92.59
101,0.009873965425211984,0.99666,0.46536901615560056,92.38
102,0.008349871884583665,0.99682,0.4491654702275991,92.83
103,0.01087653705531069,0.99628,0.4775304829329252,92.32
104,0.01041064169996268,0.9963,0.4619458574056625,92.54
105,0.00822470506386417,0.99728,0.4587103015184402,92.58
106,0.010551346751773143,0.99656,0.41426645658910277,92.9
107,0.0092836910110834,0.99712,0.4350124566257,92.86
108,0.008080762257809035,0.9971,0.4452217708528042,92.8
109,0.010387975568174506,0.99656,0.43806421250104904,92.9
110,0.009329505025675935,0.99658,0.48409342668950556,92.09
111,0.0070016755748664025,0.99772,0.4773296250030398,92.44
112,0.00657357720424757,0.99756,0.4729987997561693,92.64
113,0.01023152049945291,0.99626,0.49797923013567924,92.38
114,0.008935275442345673,0.9971,0.5038508771359921,92.04
115,0.009162086531367448,0.99682,0.5193249095976352,91.77
116,0.00800025535037603,0.99722,0.45363378897309303,92.65
117,0.007076014271553825,0.9978,0.5599572162330151,92.0
118,0.007245879170134702,0.99748,0.4694177988171577,92.53
119,0.008320742063438687,0.99722,0.4467668514698744,92.84
120,0.0062667490404439835,0.99798,0.4512969149055425,93.09
121,0.006373701963911328,0.99794,0.42546774074435234,93.07
122,0.00959357225795841,0.99692,0.5757610115408898,91.26
123,0.008033117130783576,0.99718,0.4410849304869771,92.79
124,0.006204836296817988,0.998,0.4488286332041025,93.22
125,0.003458145567599465,0.99886,0.4590258085355163,92.91
126,0.006960307221735835,0.9974,0.5203407435119152,91.95
127,0.005951987665213283,0.99816,0.5782812801003456,91.6
128,0.008393664049970754,0.99716,0.4801515883207321,92.68
129,0.007521098636833908,0.99758,0.4820090778172016,92.7
130,0.007396474561613539,0.99722,0.5072284557670355,92.53
131,0.005391921468890126,0.99822,0.4758202463388443,92.83
132,0.0062346780580966295,0.99772,0.4823722903430462,92.75
133,0.006214796157200675,0.99796,0.487549500092864,93.04
134,0.005391065736332208,0.99816,0.5140103252232074,92.24
135,0.007008589642203372,0.9976,0.48038399502635004,92.7
136,0.007212951769837943,0.99772,0.46164857245981694,92.86
137,0.005950366943905516,0.99804,0.47670242466032503,92.7
138,0.006673590065744679,0.99808,0.4344716253131628,93.13
139,0.004918411684632206,0.99828,0.4749289111047983,92.79
140,0.007187670873254157,0.9974,0.496688399091363,92.22
141,0.0067712798486273176,0.9975,0.509639264922589,92.15
142,0.0065022116214932535,0.99774,0.45980732611380515,93.0
143,0.005096067714950313,0.9982,0.46192573875188825,92.86
144,0.00723599919381187,0.9977,0.48380708329379557,93.01
145,0.005237461462684804,0.99832,0.4632906477898359,92.94
146,0.004018978220071225,0.99856,0.4824798461794853,92.93
147,0.005523513840592425,0.998,0.5229703442752361,92.65
148,0.007596065778561565,0.99736,0.5017481433600187,92.43
149,0.003587933202885101,0.99898,0.4538301252759993,93.15
150,0.004377978877253745,0.99856,0.4792314423620701,93.02
151,0.0043203120817766165,0.99854,0.4790568047761917,93.22
152,0.0058700991618057564,0.99828,0.45883237760514023,93.04
153,0.006312780918867882,0.9979,0.48548829786479475,92.8
154,0.006480680921536577,0.99782,0.4930889850109816,92.54
155,0.0037786187779734774,0.99864,0.4630311005562544,92.97
156,0.004425144161257293,0.99858,0.5013056885451078,92.83
157,0.004903613768346474,0.99836,0.47370003394782545,93.06
158,0.004920652897446714,0.9984,0.49058834549039604,92.78
159,0.003304724092282655,0.99888,0.4623601298034191,93.22
160,0.0032774037012215625,0.99908,0.46092677349224687,93.3
161,0.0032691855109808847,0.99896,0.4965970692038536,92.72
162,0.004487566078257988,0.99848,0.49638921845704315,92.95
163,0.0036477096235852085,0.99862,0.5071456640586257,93.02
164,0.0037409840318400537,0.9988,0.5525050295889378,92.43
165,0.00535921809808238,0.9981,0.45667905077338217,93.3
166,0.003558973733642701,0.9986,0.5077540024369955,92.75
167,0.003418157688196739,0.99894,0.4678608908876777,93.41
168,0.004061424153168564,0.9987,0.4824977546930313,93.34
169,0.0033548118741920843,0.9988,0.4782044530659914,93.07
170,0.0037589435096588367,0.99866,0.4805612226948142,93.2
171,0.0052501977709553125,0.99838,0.4977357291430235,93.11
172,0.006053146199722056,0.99806,0.48646616920828817,92.94
173,0.003981259122105015,0.99868,0.487742386572063,93.08
174,0.00309531827626364,0.99888,0.5087590450048447,92.8
175,0.004309296825207839,0.99864,0.5122406957950443,93.07
176,0.004810061726873666,0.99848,0.5185232497006654,92.92
177,0.004794211908610707,0.99842,0.4672161716595292,93.26
178,0.0044707827327122125,0.9986,0.5424730939418078,92.6
179,0.0029541559697812436,0.99906,0.5195283643528819,92.88
180,0.004362123215671086,0.9985,0.7844352522492408,90.41
181,0.0067511360605230645,0.99766,0.5439427397400141,92.27
182,0.004825344218698609,0.99816,0.49602952353656293,92.92
183,0.004264563470638221,0.99862,0.46264746371656656,93.5
184,0.003788065647373966,0.99868,0.49544694773852826,93.1
185,0.004466523290992908,0.99838,0.5126772618293762,93.08
186,0.005603739823153078,0.99812,0.49542723163962366,92.78
187,0.004506416098676774,0.99832,0.5090489308536053,92.59
188,0.0038202008989620525,0.99888,0.49561924938112495,93.0
189,0.0024160651618565965,0.99916,0.48228898778557777,93.19
190,0.003463853512654829,0.99878,0.5056825237721205,92.94
191,0.0015468929448853369,0.99952,0.47441780727356675,93.46
192,0.0022006776936598182,0.9993,0.4956304750218987,93.07
193,0.0022730205979835673,0.9991,0.5045236195623874,92.81
194,0.0018336227916352585,0.9995,0.4953178413212299,93.29
195,0.003537902720463093,0.99878,0.48666402958333493,93.13
196,0.0033914911825105054,0.99892,0.5367456490918994,92.82
197,0.0038708183866636137,0.99868,0.48312550092115997,93.03
198,0.0029706014925405585,0.99892,0.5154125316813588,92.94
199,0.0031706443432878697,0.99902,0.48274451471865176,93.44
200,0.0023248832892006337,0.99934,0.49591356359422206,93.17
201,0.0037631226565523306,0.99858,0.509796309620142,92.97
202,0.004467353967906874,0.99852,0.515836037620902,92.93
203,0.0027764923870563507,0.9991,0.4762775879353285,93.49
204,0.004072464158451256,0.99856,0.48535583034157753,93.08
205,0.002592974998381757,0.99918,0.4982779395580292,92.92
206,0.0037610886384473394,0.99866,0.5365232279896737,92.71
207,0.0027366210375438715,0.99914,0.5197030386328697,92.76
208,0.0030641676081717252,0.99908,0.5012451605126261,93.09
209,0.003869899617665259,0.99864,0.4877628881856799,93.14
210,0.0025106672302309466,0.99926,0.5146179480478168,93.07
211,0.002801767919603211,0.99904,0.5267711763828993,93.02
212,0.002800482134703937,0.99902,0.5243943040072918,93.01
213,0.004927275508976854,0.99834,0.49750265389680864,93.12
214,0.0030721856276397508,0.9989,0.5047571683302522,92.75
215,0.002377626823875445,0.99922,0.4787279012799263,93.44
216,0.0019577469685962876,0.99938,0.48803296810016034,93.42
217,0.0007909778591302802,0.99974,0.4875058962404728,93.69
218,0.0021413838219307268,0.99936,0.5314510728418828,92.69
219,0.0054284366824434325,0.9982,0.502036958374083,92.9
220,0.0032131831111657954,0.99888,0.48889511559158566,93.14
221,0.0017593934674683424,0.99942,0.4904446230083704,93.24
222,0.0017130276011993817,0.99942,0.4890299179404974,93.52
223,0.002151956723630339,0.99924,0.5051325857453048,93.22
224,0.0022856784999951757,0.99918,0.49968914058059455,93.27
225,0.002924444449260412,0.99896,0.5252650497108697,93.16
226,0.0027627006972261023,0.99898,0.5073516628146172,93.08
227,0.0030567091734855986,0.99898,0.5015818298235536,93.24
228,0.0024455274443935288,0.99924,0.4956014774739742,93.27
229,0.0027362174599838535,0.99914,0.5041186990588904,93.41
230,0.0017738408501953116,0.99944,0.5156017631292343,93.11
231,0.0021900341943716004,0.99936,0.5037409169971943,93.27
232,0.0011820705802867795,0.99954,0.5031937912665307,93.29
233,0.0016688806969640286,0.99946,0.5251692585274577,93.2
234,0.002322890297057169,0.99922,0.5170485239848495,93.14
235,0.0018002571981123952,0.99934,0.5137255772762,93.19
236,0.0021991029143859837,0.99918,0.5466990048810839,93.26
237,0.0029277970303979027,0.99906,0.5057316869869828,93.17
238,0.0018911719436610183,0.99932,0.48256806761026383,93.27
239,0.002163785521674644,0.99934,0.5059927025809884,93.24
240,0.0016009743495718064,0.99952,0.5378811701014637,92.85
241,0.0025186054999558993,0.99916,0.5121546672657132,93.09
242,0.002593813939532146,0.9991,0.5159071680158377,93.26
243,0.004548460502377556,0.99854,0.4872261120006442,93.46
244,0.001409443526896779,0.99956,0.5188739808276296,93.13
245,0.0023219343530885934,0.9992,0.5190834777057171,93.31
246,0.0027537575196501587,0.99906,0.5684460362792015,92.52
247,0.0018446344434462094,0.99944,0.5099483612924814,93.23
248,0.0012905682958757785,0.99962,0.5197605255246163,93.1
249,0.002014580275625219,0.99928,0.5104744209349156,93.4
250,0.002247378123386292,0.99926,0.5143717790395022,93.22
251,0.0019685170458396523,0.99936,0.5276136307418346,93.09
252,0.0030164528552376097,0.9989,0.4833063230663538,93.51
253,0.0038103326735898966,0.9989,0.5966967065632344,92.5
254,0.0030023428542456706,0.99884,0.5080011630058289,93.12
255,0.002170018577354822,0.99918,0.5398317776620388,92.95
256,0.0031035495555194158,0.999,0.5188406991958618,93.18
257,0.002283380344233778,0.99922,0.5296539470553399,93.12
258,0.002326734617481704,0.99904,0.5179539881646633,93.12
259,0.003199880820034486,0.99908,0.5032544108480215,93.25
260,0.002743167580728231,0.99914,0.4861808929592371,93.39
261,0.0012674663672009316,0.99964,0.48601264469325545,93.41
262,0.0014182366545085938,0.99954,0.5090923768281936,93.38
263,0.0016990430364885445,0.99946,0.5100941403210163,93.54
264,0.001150575154425238,0.99966,0.5343633539974689,93.35
265,0.0022276189640316815,0.99928,0.5038367940112949,93.22
266,0.0025865036374999478,0.99906,0.5235786736011505,92.99
267,0.0026386604737252224,0.99914,0.540731324404478,92.89
268,0.0030976298105571884,0.9989,0.5426649078726768,92.96
269,0.003984090702994095,0.99882,0.5105081576108933,93.07
270,0.0020471842602236,0.99934,0.5264719509333372,92.94
271,0.0013861715774405557,0.99964,0.4946313824504614,93.49
272,0.0023252096074699398,0.99918,0.5422844853997231,92.96
273,0.00278506743932462,0.99912,0.4962592701613903,93.21
274,0.0026199784463286683,0.99922,0.5051111853867769,93.3
275,0.0010837982225291485,0.99964,0.5078447458893061,93.55
276,0.001317021245009165,0.9995,0.514903769493103,93.43
277,0.0007180203905488696,0.99976,0.507890478298068,93.53
278,0.0021171635374083848,0.99928,0.5345083180069924,93.34
279,0.0016084559452360096,0.99938,0.5545233149826526,93.06
280,0.0031182109661873126,0.99892,0.5201618228852749,93.28
281,0.0029784363172871693,0.99912,0.5007792555168271,93.46
282,0.0012849305120423017,0.99954,0.507944876626134,93.76
283,0.0017236512811744913,0.99928,0.5106105212122202,93.5
284,0.0019332154708787326,0.99928,0.5558692041039467,93.16
285,0.0034839077507291,0.9988,0.5139843683689833,93.41
