0,2.1211344387830064,0.28932,1.719311897754669,34.4
1,1.4896715361139048,0.44962,1.5462536203861237,49.05
2,1.2044674705361467,0.56208,1.2008530575037002,60.82
3,0.9869615947803878,0.65024,1.1096915185451508,62.82
4,0.8163015263159866,0.71368,0.8255540701746941,72.17
5,0.6909977110755413,0.75992,0.9063640213012696,73.03
6,0.598925403393138,0.79196,0.6403359141945839,78.48
7,0.5330849322669037,0.81568,0.5490171432495117,81.89
8,0.4796217690648325,0.83324,0.5595604819059372,81.16
9,0.4360908487111406,0.84852,0.5769296215474605,81.43
10,0.4031292764122224,0.86126,0.681826998591423,78.38
11,0.375471699192091,0.86946,0.4833757551014423,84.46
12,0.34337435453139303,0.88078,0.4597214284539223,84.95
13,0.3199974305337042,0.8888,0.4714950388669968,84.23
14,0.29671618626321977,0.8974,0.47832043409347536,84.9
15,0.2785142689676541,0.9032,0.47761868238449096,85.02
16,0.2620489038050632,0.90922,0.48364327162504195,85.1
17,0.24647015394152277,0.9129,0.5563793581724167,83.98
18,0.2313416831938507,0.919,0.43304981261491776,86.43
19,0.2168527247045961,0.92346,0.3909772142767906,88.35
20,0.20268163220275698,0.92866,0.3706773824989796,88.41
21,0.1906479441791849,0.9326,0.3817997433245182,88.47
22,0.18104848327577266,0.93658,0.423051945194602,87.48
23,0.17252217596182434,0.93948,0.36683926448225973,89.28
24,0.15906652052650977,0.94428,0.36314053311944006,89.61
25,0.15488928630757515,0.945,0.44700460240244866,87.6
26,0.14344938692000822,0.94942,0.3882092318683863,89.05
27,0.13422421298330398,0.95138,0.5250478439033032,86.63
28,0.13040238990426978,0.95444,0.3671371198445559,90.05
29,0.12452158986416924,0.9556,0.3673201441764832,89.53
30,0.11531553854760916,0.9588,0.4220355562865734,89.05
31,0.10912685076732312,0.9614,0.39828775644302367,89.62
32,0.10267545259021738,0.96384,0.516136244982481,87.26
33,0.10292447888580582,0.96368,0.43967909410595896,88.48
34,0.09821776809442379,0.96444,0.4198838326334953,89.09
35,0.08990439030882495,0.96852,0.398476222679019,89.47
36,0.08556352636736372,0.96996,0.4972754144668579,87.42
37,0.08151027204854713,0.9711,0.4104120159894228,90.1
38,0.07751899763293889,0.97182,0.4222333838045597,89.93
39,0.0786707251978195,0.97236,0.4256654454767704,89.88
40,0.06938264201230862,0.97536,0.38364244118332863,90.83
41,0.0656622398377913,0.9767,0.4373873360455036,90.24
42,0.06876136952787257,0.97544,0.44694706417620184,90.12
43,0.06095236898078333,0.97876,0.42382557526230813,90.8
44,0.06095102546579393,0.9786,0.4582169111073017,89.54
45,0.055983764250450735,0.98052,0.4409622719883919,90.06
46,0.05345190123981222,0.98126,0.6045510047674179,87.67
47,0.0525024111246895,0.98206,0.4892275317013264,89.66
48,0.051384454812197125,0.98206,0.4610702919960022,90.34
49,0.047512434551592375,0.98306,0.5138384787738324,89.66
50,0.045294940890863424,0.98434,0.5128867207467556,89.47
51,0.045361991976494986,0.9842,0.46428400427103045,90.24
52,0.04220931929872011,0.98538,0.44732653185725213,90.62
53,0.04345823097450044,0.98446,0.4493585546314716,90.69
54,0.039445536697040436,0.98598,0.5051895778626203,90.19
55,0.04102568916233299,0.98634,0.4769320560991764,90.8
56,0.03915522269942724,0.98628,0.46632308550179,90.21
57,0.03506153973910357,0.98788,0.4390909645706415,90.78
58,0.03825662873894967,0.9866,0.4470463690161705,91.1
59,0.03503371720366618,0.98744,0.41012868598103525,91.46
60,0.032196294921247856,0.98862,0.4438328482210636,91.26
61,0.03289480948501536,0.9887,0.4663504292070866,91.1
62,0.03392428824739993,0.988,0.6293502615392208,88.69
63,0.030354411215009286,0.9894,0.5054082717746496,90.69
64,0.03007556691699092,0.98948,0.4741340634226799,91.06
65,0.029591596244698596,0.98978,0.44701355151832106,91.59
66,0.026930808449340295,0.99028,0.44971408568322657,91.39
67,0.030236250308849622,0.98944,0.46734462924301623,90.85
68,0.025559405198373148,0.99114,0.43679871514439583,91.65
69,0.02503094209543884,0.99138,0.5084845188260079,90.94
70,0.024023738649228344,0.9918,0.4301170741021633,91.96
71,0.023341712777686242,0.992,0.5616892799735069,90.35
72,0.023249719506296354,0.99242,0.4660712141543627,91.3
73,0.023715511631325382,0.9917,0.4840783492475748,91.44
74,0.02469161738786856,0.99148,0.5543961324542761,90.44
75,0.01860951720689283,0.99386,0.4807761700451374,91.77
76,0.022740480248489396,0.99204,0.48979656890034673,91.04
77,0.022448957037857122,0.99256,0.4712530041486025,91.67
78,0.017475686575848217,0.99412,0.49406163677573206,91.37
79,0.02150112521046263,0.9925,0.611196409612894,89.83
80,0.022126185076544656,0.9923,0.5014546442776918,91.28
81,0.01898411268849507,0.99354,0.5015673770010471,91.41
82,0.017504757725755157,0.99388,0.4666233740746975,91.83
83,0.018952675679129314,0.99348,0.43833434794098136,91.93
84,0.015785944937487775,0.99428,0.47923892483115194,91.52
85,0.013321456906702512,0.99548,0.47392580173909665,91.55
86,0.0167339923303298,0.99396,0.5447459334135055,91.09
87,0.016226218627465656,0.99448,0.6045450535416603,90.5
88,0.01829582855791387,0.99346,0.4944301602244377,91.49
89,0.0167324742173676,0.99414,0.5198996390402317,91.37
90,0.019342618858646552,0.99328,0.48425397887825966,91.63
91,0.014914153933363117,0.995,0.44495074115693567,92.15
92,0.012285022168656063,0.99576,0.4786080998927355,91.97
93,0.015625143237888356,0.99476,0.47082185722887515,92.0
94,0.014368919717610035,0.99502,0.5474098175019025,91.34
95,0.015518410617242689,0.99478,0.5361710925400257,90.96
96,0.013017692677009746,0.9955,0.4617329068109393,92.17
97,0.014971713404483198,0.99454,0.5725084498524666,90.95
98,0.013367408867496664,0.99532,0.5157293548434972,91.72
99,0.011122996721159467,0.99622,0.5810059884190559,91.18
100,0.012115741917348998,0.99618,0.49642655543982983,92.15
101,0.013490461308480528,0.9954,0.5181795321404934,91.89
102,0.012105465049633895,0.99566,0.49208588659763336,92.35
103,0.010477420630502452,0.99668,0.48662757113575933,92.29
104,0.015421201297513131,0.99464,0.4696316737681627,92.24
105,0.010723238801369276,0.99622,0.5319672466814518,91.89
106,0.012632227917213726,0.99572,0.4628657990694046,92.61
107,0.00841686041797023,0.99706,0.4823393170535564,92.59
108,0.010642434556103881,0.99626,0.5004708483815193,91.93
109,0.012454564140066314,0.99576,0.5012133195996284,92.14
110,0.010703482863712399,0.99642,0.5175811969488859,92.02
111,0.008725462757679813,0.99684,0.5101343435049057,92.26
112,0.013387741493311284,0.99546,0.5042453427612782,92.13
113,0.01060048076699314,0.99644,0.49612931214272976,92.14
114,0.008875236519237372,0.99704,0.4985258150100708,92.28
115,0.008702297340078121,0.99704,0.5020437601953744,92.25
116,0.011567631305273994,0.99606,0.5323044104874134,91.97
117,0.0075358885794144384,0.9975,0.5170592737942934,92.02
118,0.009772518963214781,0.99664,0.5176617748290301,92.07
119,0.0077739498123069245,0.9974,0.509325295239687,91.98
120,0.008245552392185801,0.99722,0.5317726002633572,92.21
121,0.012093148814738178,0.9959,0.4824481976777315,92.7
122,0.011940046732821275,0.99608,0.490014663413167,92.17
123,0.009405754497060385,0.997,0.5299432093650103,92.08
124,0.008172667763062545,0.99724,0.535221534371376,91.86
125,0.009318391753770316,0.99684,0.513795028179884,92.12
126,0.006604231272824407,0.99768,0.5372112374007701,92.19
127,0.005849402274012261,0.99808,0.6284169379621745,91.17
128,0.00935100568244067,0.9968,0.5205997732281685,92.16
129,0.012309076061592582,0.9956,0.5038605683296918,92.14
130,0.007024850328321881,0.99758,0.5027486869692802,92.39
131,0.007482638202451022,0.99764,0.5118854494392872,92.47
132,0.00968613516142749,0.99644,0.5167101060599089,92.2
133,0.008120474822419075,0.99708,0.523056540042162,92.34
134,0.009094000177081589,0.99708,0.5309278333932161,92.13
135,0.007581153808309294,0.99744,0.5370475137978792,91.94
136,0.007149029303999508,0.9978,0.6351491536200047,91.29
137,0.008662726575759333,0.99726,0.49960937671363354,92.45
138,0.009848562399428005,0.99636,0.5105546070635318,92.31
139,0.00977425290929044,0.99636,0.49523372285068035,92.67
140,0.006627519898440527,0.9978,0.5208028339222074,92.55
141,0.007337087838728305,0.99748,0.49481131106615067,92.5
142,0.005785968169853415,0.99822,0.5159478100389242,92.33
143,0.008275986223927011,0.99704,0.5400497795641422,92.15
144,0.007898224088961205,0.99726,0.6026169429719448,91.73
145,0.006902523938065652,0.99766,0.5540215533226729,92.42
