0,2.1338926907390583,0.28346,1.8209275782108307,37.14
1,1.5082744762415776,0.44508,1.692633329629898,43.74
2,1.2648275788787686,0.54502,1.2883594232797622,57.63
3,1.0458058574620415,0.62668,1.5945707029104232,56.83
4,0.8714606877787948,0.69234,0.9471579909324646,67.71
5,0.732614712641977,0.74398,0.7717231273651123,75.17
6,0.633957214748768,0.77938,0.7067773067951202,76.77
7,0.5617595786023932,0.8055,0.7508224749565124,75.07
8,0.5068924278401963,0.8239,0.6330519855022431,79.0
9,0.4561975464186705,0.84312,0.606966615319252,80.67
10,0.42519085547503305,0.85426,0.5673804503679275,82.73
11,0.38264404580263833,0.86744,0.8017207863926887,83.41
12,0.3550851481116336,0.87794,1.4231813782453537,79.47
13,0.33351433456248947,0.88438,0.5298276172578334,84.8
14,0.3098520343489659,0.8925,0.4542944084107876,85.13
15,0.28749928613910286,0.8999,0.46570263370871545,84.9
16,0.2690895010367074,0.90656,0.6286981129646301,82.56
17,0.25000997821388343,0.9134,0.5165458162128925,84.01
18,0.23373359493206225,0.91888,0.4484231853485107,86.36
19,0.220409193745507,0.92106,0.46959805011749267,85.94
20,0.20963724346264548,0.92586,0.4617064209282398,85.85
21,0.19475256377245154,0.93228,0.4345229859650135,87.38
22,0.18556299727514883,0.9344,0.3759772355109453,88.62
23,0.1699995467882327,0.94004,0.45467318333685397,87.21
24,0.16329700523592017,0.9421,0.5039252087473869,85.85
25,0.15195578376731605,0.94668,0.3833595109730959,88.58
26,0.14601282437172386,0.94882,0.43632739141583443,88.09
27,0.13617231789261788,0.95076,0.47222842648625374,86.95
28,0.13111290653876942,0.95368,0.5411966498196125,86.11
29,0.11919713085112364,0.95842,0.4388269194960594,88.53
30,0.1168469995488901,0.9579,0.4313854959607124,88.42
31,0.10723506198133655,0.96208,0.45777120783925057,88.06
32,0.10642257976867354,0.96242,0.3996196931600571,89.27
33,0.10171409251878176,0.96378,0.4486851685494184,88.12
34,0.09244050952555884,0.96718,0.4186428016424179,89.5
35,0.09149797643770648,0.96752,0.404780837893486,89.75
36,0.08464812337780547,0.96958,0.3732251098006964,90.2
37,0.08132394448475307,0.971,0.3958777355402708,90.26
38,0.0787336347991472,0.9718,0.46152419954538343,88.78
39,0.0701580693864304,0.9746,0.4420782032608986,89.88
40,0.0684801398412041,0.97524,0.44211251989006994,89.68
41,0.06878784831489443,0.9754,0.4826057332754135,88.9
42,0.06379595528001827,0.9773,0.5384793604910374,88.49
43,0.0611860018957149,0.97852,0.5293652221560479,88.73
44,0.05859311021235593,0.9796,0.4583763451129198,89.74
45,0.053728298548504215,0.98134,0.4114914832264185,90.86
46,0.053576645091214146,0.98024,0.41191853266209366,90.81
47,0.05002068192281229,0.98244,0.7303980839252472,85.88
48,0.047952542443523934,0.98398,0.5039353150129319,89.59
49,0.048457263795006304,0.98286,0.4406346542388201,90.43
50,0.04309555113582355,0.98534,0.4624190314114094,90.41
51,0.04285282482062002,0.98436,0.478074291869998,90.12
52,0.044093195591931755,0.98466,0.6381508550047874,87.65
53,0.040425712501754044,0.98592,0.42871704913675784,90.87
54,0.035806705851269806,0.98732,0.4953262476623058,90.17
55,0.03747108352401525,0.98688,0.43934387698769567,91.29
56,0.0344427846172048,0.98774,0.466240404099226,90.85
57,0.037015338104380215,0.98736,0.43230447836220265,91.15
58,0.030607810706052632,0.9899,0.48444786325097083,90.35
59,0.031173937141780964,0.98932,0.4890175333619118,90.53
60,0.028591914464483784,0.98974,0.4729479144513607,91.35
61,0.033170829243634056,0.98856,0.5091835539788008,90.08
62,0.029620238958531633,0.9897,0.43834432065486906,91.56
63,0.030407890877531617,0.98942,0.48244840823113916,90.48
64,0.026798264297378034,0.99106,0.4898061612993479,90.79
65,0.025062219246917063,0.9916,0.47623019449412823,91.22
66,0.025743163059777616,0.99114,0.501076882481575,90.82
67,0.027368720467238095,0.99028,0.4684947380423546,91.32
68,0.02346490952364929,0.99152,0.48737141750752927,91.1
69,0.022603003451090946,0.9922,0.5373355394601822,90.62
70,0.024260261641515186,0.99184,0.47506944462656975,91.26
71,0.024043545684279383,0.99196,0.502718562334776,91.05
72,0.024146349743351607,0.99142,0.5119294429570437,91.05
73,0.021688867284132697,0.9926,0.4819721953570843,91.51
74,0.022035446465777618,0.99252,0.4820203306525946,91.6
75,0.02124857666957028,0.99308,0.43189114071428775,92.02
76,0.018951166451544217,0.99376,0.48048960328102114,91.81
77,0.018577230689318283,0.9939,0.4948262809962034,91.74
78,0.021034318678643162,0.9926,0.47378778100013735,91.3
79,0.018075352934810815,0.99372,0.5420980425924062,90.66
80,0.01879104413479195,0.99356,0.48926902111619713,91.56
81,0.01711404968313325,0.99392,0.5185013130307198,91.45
82,0.02127191788562195,0.9925,0.5025837160646915,91.12
83,0.01771951507767448,0.99392,0.5264096700400114,91.28
84,0.0169020448132511,0.99412,0.4610419634729624,92.3
85,0.015532270926610588,0.99436,0.5030478517711162,90.96
86,0.015019151589373494,0.99484,0.5077020914107561,91.37
87,0.014516506999102242,0.99496,0.5218469858169555,91.29
88,0.01760924871191573,0.99402,0.5067076955735683,91.83
89,0.0182359132697196,0.99404,0.42916232503950597,92.15
90,0.013128012878453488,0.99542,0.4646899922937155,91.78
91,0.014068929516636502,0.99486,0.6108181355893612,90.23
92,0.0172351893690198,0.9941,0.5112580256164074,91.36
93,0.014650655118688998,0.99486,0.4838050854206085,91.83
94,0.015952078973317085,0.99458,0.5033195741474629,91.99
95,0.01544074262813915,0.99488,0.4535413143783808,92.05
96,0.013243971570559284,0.9954,0.5185815568268299,91.32
97,0.013154028417051905,0.99542,0.5167632147669792,91.52
98,0.012230207418303584,0.99552,0.5169307491928339,91.71
99,0.01343237873061996,0.99538,0.5053206534683704,91.89
100,0.012325203684551636,0.99586,0.48430805422365664,92.34
101,0.013414777338962116,0.99534,0.4777220441401005,91.83
102,0.012155997234008387,0.99586,0.4683872298151255,92.22
103,0.009261690799499412,0.99682,0.4990029139816761,91.88
104,0.009880665148420216,0.9967,0.48307719990611075,92.15
105,0.010143516592376525,0.99648,0.5788027627766132,91.18
106,0.01611407550559153,0.99424,0.4838368885219097,91.91
107,0.011088919966383969,0.99624,0.4890449012815952,92.08
108,0.008808294829526615,0.99692,0.49640353009104726,92.28
109,0.010321965660242474,0.99638,0.5344965748488903,91.8
110,0.0093402399221802,0.99664,0.5407221466302872,91.61
111,0.010359435651899146,0.99632,0.5194889296591282,91.78
112,0.011723471086119751,0.99574,0.5180083690583706,91.82
113,0.011910324290399546,0.99604,0.5060976437479258,92.14
114,0.00776236040322372,0.99762,0.506799975335598,92.49
115,0.008952965519739056,0.99684,0.5300550539791584,91.92
116,0.008849017028494374,0.9969,0.5157897424697876,92.18
117,0.009887338872603558,0.99686,0.5494309437274932,91.8
118,0.00858201229077814,0.99742,0.5111470940709114,92.1
119,0.007484155333103122,0.99722,0.534226902872324,92.11
120,0.01023378680862696,0.9965,0.5232240203022956,92.18
121,0.009391811469098186,0.99666,0.5680431188642978,91.65
122,0.010057303949695109,0.99678,0.5050914124399424,91.89
123,0.00868503253697358,0.99706,0.49773288793861864,92.67
124,0.006308164964418125,0.9979,0.5275952588766814,92.17
125,0.010041975509137144,0.9966,0.4993698747456074,91.9
126,0.01000796491964994,0.9966,0.5122434836626053,92.18
127,0.007819460585827718,0.99716,0.4973035153001547,92.61
128,0.0077328095045845835,0.99722,0.5408365131169558,91.88
129,0.011526074732089286,0.99598,0.4876873791217804,92.27
130,0.007245516073909383,0.99726,0.5053965159505606,92.46
131,0.006707585684697875,0.99764,0.49898668356239795,92.36
132,0.006328433349035154,0.99796,0.5489728949964047,91.91
133,0.010696275726608608,0.9964,0.5082838137447834,91.89
134,0.006068230214495393,0.99774,0.5288497614860534,92.16
135,0.007923688272685955,0.99744,0.5301887457072735,91.97
136,0.007394842519548417,0.99726,0.5247969340533019,92.12
137,0.010086777954674362,0.99688,0.5095718877017498,92.18
138,0.007306329652314525,0.99746,0.523996055573225,92.22
139,0.004460438399973428,0.9986,0.4908199226856232,92.71
140,0.008162338248527874,0.99738,0.5219442507624626,92.18
141,0.00808625228112311,0.9972,0.5418332046270371,91.88
142,0.005930011102017444,0.998,0.5235722396895289,92.33
143,0.0047589351716058334,0.99838,0.5376168882846832,92.34
144,0.008376489692341412,0.99716,0.5381514999270439,91.96
145,0.009265527715120474,0.9968,0.515967742651701,92.12
