0,2.288619082602089,0.17484,5.023547286987305,18.0
1,1.8822770978483703,0.30696,1.6404862654209138,35.96
2,1.5365473446638689,0.44042,1.5210659444332122,46.33
3,1.1834220717020352,0.57216,1.2349729609489442,57.27
4,0.9412161912149786,0.66848,1.0680479055643082,64.19
5,0.7903612630294107,0.7236,0.8108022129535675,71.86
6,0.6883506992131548,0.76294,0.7680066829919815,74.03
7,0.6080581966568442,0.79534,0.6787906956672668,76.85
8,0.5543657144927003,0.81154,0.6668319168686867,77.37
9,0.5039880617957591,0.82876,0.8393402707576751,73.88
10,0.45577137008347474,0.84634,0.8196777978539467,74.44
11,0.4273538377964893,0.8552,0.8578954803943634,74.17
12,0.39795897657151724,0.86478,0.5519092887639999,81.21
13,0.3704789182947725,0.87366,0.4600394642353058,84.56
14,0.34370018888617415,0.88282,0.5336515089869499,83.05
15,0.32766338824616065,0.88864,0.45084550261497497,85.2
16,0.3002115396968544,0.8975,0.6318314948678017,80.39
17,0.28986766332250724,0.90148,0.4705988444387913,84.82
18,0.2679335111775971,0.90874,0.38857522025704383,87.08
19,0.2523993075351276,0.91234,0.4497588716447353,85.69
20,0.23683645073181528,0.91954,0.5746852767467499,83.22
21,0.2287107910532171,0.9217,0.633909170627594,80.71
22,0.2141773974156136,0.92652,0.39248847126960756,87.59
23,0.20491508240132686,0.93134,0.3560844300687313,88.78
24,0.19081666592098867,0.93366,0.4764527976512909,85.28
25,0.18372187121292513,0.93626,0.4174372513592243,87.24
26,0.1718496965420673,0.93966,0.4835368812084198,86.21
27,0.16378535241688913,0.94364,0.4125920917093754,87.74
28,0.15537463321024195,0.94626,0.401679173707962,87.87
29,0.14845489553364036,0.94846,0.3878165639936924,88.28
30,0.141031355923399,0.95086,0.4378730882704258,87.1
31,0.1304249882345538,0.95326,0.34880690060555936,89.76
32,0.12760603714667623,0.956,0.3789101380109787,89.02
33,0.11789302484077566,0.95926,0.3796928586065769,89.22
34,0.11244845750462978,0.96078,0.42222413390874863,88.47
35,0.10706116357232298,0.96296,0.41422694966197016,88.31
36,0.10617619482300165,0.96318,0.40087498918175696,88.4
37,0.09839785321498923,0.96532,0.4336962253600359,88.13
38,0.09339600768597688,0.9685,0.39808689638972283,89.19
39,0.09132008589423068,0.96806,0.4801929077506065,87.84
40,0.08397414262794778,0.97128,0.42833673536777495,88.69
41,0.0812693821633106,0.9719,0.4643105548620224,88.08
42,0.07889584924006249,0.97194,0.4043137127161026,89.64
43,0.07334436756341964,0.97464,0.41758730307221414,89.02
44,0.07017686347598615,0.9753,0.39372548744082453,89.8
45,0.069279441814822,0.97646,0.4010597597062588,90.23
46,0.06604322002690924,0.97648,0.4196009948849678,89.18
47,0.05827176408446811,0.9798,0.4052173517644405,89.96
48,0.061177509100845705,0.97836,0.42038675367832185,90.02
49,0.05662075967987633,0.98018,0.4784937039017677,88.89
50,0.054935939072886165,0.98074,0.40494881227612495,89.61
51,0.05392370687421325,0.98116,0.43004570588469504,89.93
52,0.0513938363984494,0.98144,0.380976410061121,90.69
53,0.05017546745841308,0.98216,0.3907812254875898,90.23
54,0.04710702729575774,0.98356,0.4159153591096401,90.08
55,0.04461908077968813,0.98426,0.39238211542367935,91.01
56,0.04551970027387142,0.98412,0.42632302969694136,90.18
57,0.04344703314249473,0.9845,0.49862670615315435,88.67
58,0.04406696974831011,0.98428,0.4059463095664978,90.49
59,0.03600997366773351,0.9878,0.4614547377824783,90.23
60,0.038283225730099645,0.9861,0.5009947365522385,89.35
61,0.03539300679950915,0.988,0.4297167915850878,90.87
62,0.03564758623814415,0.98778,0.4312914191186428,90.29
63,0.03417169792896799,0.98826,0.4445616625621915,90.27
64,0.03329901865033238,0.98874,0.5125797444581985,88.99
65,0.032117154256290636,0.98948,0.4430731953680515,90.22
66,0.031614963736985344,0.98916,0.4543658649921417,90.31
67,0.03159998168173196,0.9887,0.42609158277511594,90.73
68,0.030998612649243355,0.98938,0.4220579982548952,90.62
69,0.029343825552965063,0.98982,0.4947621874511242,90.05
70,0.02808176891883011,0.99034,0.444387603700161,90.55
71,0.025254528102514995,0.99142,0.4575070548057556,90.58
72,0.028038926822755036,0.9903,0.46019092872738837,90.64
73,0.026502482488255978,0.99076,0.4149562963098288,91.21
74,0.02392966523194862,0.99162,0.45051709592342376,90.67
75,0.02511393816670036,0.99104,0.4604801817238331,90.26
76,0.02407866919322697,0.99166,0.4331319259852171,90.98
77,0.023462933647777417,0.9918,0.5099553371965885,89.87
78,0.02484160291550257,0.99148,0.4253717391192913,90.88
79,0.020219709756641228,0.99342,0.4266883311420679,91.35
80,0.023208546449842354,0.99186,0.4528803276270628,90.57
81,0.021778341997271914,0.99272,0.4396727799624205,91.03
82,0.019653981923104247,0.99364,0.43673345863819124,91.13
83,0.018843316532614285,0.99342,0.5588821874558926,89.65
84,0.02289120973590428,0.9919,0.42379152491688726,91.23
85,0.020124681420205043,0.99302,0.4349204151332378,91.33
86,0.016227019669683387,0.99422,0.4715910666435957,90.96
87,0.018504226768878824,0.99402,0.4703929835557938,90.87
88,0.019222720128381648,0.99348,0.45748091585934164,91.2
89,0.018681492494500202,0.99364,0.5401077897846699,89.49
90,0.01694154303968715,0.99424,0.501999873816967,90.28
91,0.01925415229862151,0.9932,0.46762205585837363,91.06
92,0.015257060106205362,0.99488,0.4908036993443966,90.64
93,0.016340740408529255,0.99424,0.472232621088624,91.05
94,0.01890331996209405,0.99388,0.4624549450725317,90.94
95,0.014890083747789683,0.99536,0.4572275379672647,91.01
96,0.016876505557423854,0.99452,0.4464109954237938,91.35
97,0.017434860554659534,0.9941,0.4470015086233616,91.08
98,0.015273158798170516,0.99472,0.5177820353209972,90.49
99,0.01603981135966842,0.99436,0.4383564578741789,91.42
100,0.014795299533687894,0.99532,0.49370751783251765,90.43
101,0.013977213654547448,0.9952,0.48514735981822016,91.1
102,0.01410318721952798,0.99508,0.4772072418034077,91.16
103,0.013797203905980491,0.99526,0.4940728104859591,91.16
104,0.01605586729029103,0.99474,0.44443479597568514,91.61
105,0.01258154848264173,0.99572,0.4571505478024483,91.49
106,0.013026616405076383,0.9957,0.44484994545578954,91.53
107,0.014943806503070494,0.99486,0.42583481706678866,91.67
108,0.012626858574011936,0.99548,0.47805109336972235,91.13
109,0.013151719141989718,0.99566,0.5835582968592644,89.67
110,0.011977401238096796,0.99614,0.493703927770257,91.17
111,0.013273628433342176,0.9954,0.5165745075792074,90.5
112,0.011021632055663848,0.9962,0.48155679628252984,91.18
113,0.010846232766728572,0.99622,0.5035895404964685,91.07
114,0.012000686211554368,0.99596,0.48021892800927163,91.19
115,0.014020833906138798,0.99518,0.473885540664196,91.16
116,0.011220521232134977,0.99638,0.4733019995689392,91.62
117,0.011599578873237686,0.99596,0.4479545857012272,91.56
118,0.01162970388579704,0.99618,0.48265245713293553,91.21
119,0.011203245655663283,0.99642,0.47771056488156316,91.15
120,0.012313245929648999,0.99568,0.4500779451429844,91.39
121,0.010104767904947977,0.9966,0.44472110889852046,91.87
122,0.009042970502696684,0.99702,0.5266203510761261,90.37
123,0.012736010460464088,0.99604,0.4614341342449188,91.36
124,0.009230525456750027,0.99694,0.4621842884644866,92.04
125,0.009731783345222587,0.99662,0.48017959997057913,91.34
126,0.01039385132174796,0.99652,0.4934617933630943,91.06
127,0.01093979092324367,0.99628,0.4678460015356541,91.35
128,0.008729266193326172,0.99694,0.49451253727078437,91.44
129,0.010967519220031436,0.99616,0.4800266455113888,91.1
130,0.009258371099958891,0.9969,0.49502463087439535,91.42
131,0.011000255632507222,0.99654,0.5542245462536812,90.0
132,0.010091414751337312,0.9966,0.46606872096657753,91.53
133,0.00869773963199514,0.99714,0.4720603320002556,91.35
134,0.008535129225353147,0.99712,0.47779955685138703,91.25
135,0.007248797318171662,0.99768,0.5041123216599226,91.21
136,0.009731761252810068,0.9966,0.48717604726552965,91.55
137,0.009114199479960877,0.99698,0.49561984598636627,91.37
138,0.009715960698102212,0.99678,0.45520859777927397,92.21
139,0.00815098740331962,0.99736,0.482645416110754,91.72
140,0.008617267246022249,0.99704,0.49218617007136345,91.34
141,0.00788977685863214,0.9976,0.45799977496266364,91.76
142,0.006500448776281599,0.99786,0.4909162551164627,91.46
143,0.008636077631341145,0.99724,0.4506585152447224,91.74
144,0.006817532172116935,0.9978,0.4892611116170883,91.37
145,0.007062402465726103,0.99744,0.4997859734296799,91.28
146,0.010174622278079352,0.9966,0.44777081683278086,92.08
147,0.007156893967271513,0.99782,0.46035897098481654,91.89
148,0.008364760076336544,0.99704,0.49617869466543196,91.45
149,0.007357424130732351,0.99768,0.4616756157577038,92.22
150,0.006768812467117825,0.99762,0.46838896095752713,92.04
151,0.008264675044708902,0.99716,0.49595156766474247,91.42
152,0.008060806247470019,0.99744,0.4858178850263357,91.75
153,0.008066240209214332,0.99738,0.49683455906808377,91.49
154,0.009146612778882427,0.99708,0.4688599346578121,91.7
155,0.0059818464433750535,0.9981,0.47072570741176606,91.84
156,0.007879760774691939,0.99714,0.44280732713639737,91.86
157,0.008212592817195084,0.99716,0.47689691461622713,91.32
158,0.00472905626118569,0.99852,0.49273105382919313,91.72
159,0.005908213516734802,0.998,0.48123217448592187,91.81
160,0.008588205251242499,0.9971,0.45214679881930353,91.74
161,0.007861819143866753,0.99732,0.4307256430387497,92.17
162,0.006005517142774809,0.99808,0.47878652356565,91.45
163,0.003991604771680476,0.99868,0.4733441691100597,92.15
164,0.0064623364535591485,0.99764,0.5169083961844444,91.29
165,0.006850660904822752,0.99754,0.5475499193370342,90.73
166,0.007479327153968279,0.99776,0.46847722701728345,92.17
167,0.005310127347743998,0.99814,0.49236785180866716,91.77
168,0.006219815850593424,0.99814,0.44183145225048065,92.31
169,0.006195343354397723,0.99792,0.47105289936065675,92.21
170,0.006192020446960064,0.99784,0.5091824662685395,91.58
171,0.00787215081550886,0.99754,0.4577437774837017,91.76
172,0.006186551882696631,0.9978,0.45599797248840335,92.16
173,0.007093149625584293,0.99758,0.49719430297613143,91.7
174,0.005958394271314449,0.99792,0.4706397712230682,91.93
175,0.005458949430002485,0.99824,0.4880549568682909,91.89
176,0.006130418471058312,0.99794,0.49114616751670837,91.54
177,0.006879404623685476,0.99746,0.4709188140928745,91.81
178,0.006299138865898103,0.99778,0.48020603992044925,91.83
179,0.0064795840530992126,0.9979,0.47718408301472665,92.0
180,0.004760276246935015,0.99836,0.4877055050432682,91.76
181,0.004829925899405766,0.99842,0.5274192621558904,91.4
182,0.006765635877661883,0.99762,0.4654719319939613,91.97
183,0.004870462147971553,0.99836,0.520432302057743,91.47
184,0.006350501064125382,0.99778,0.4946740881353617,91.63
185,0.006560591326388137,0.99778,0.470500126183033,92.03
186,0.005092232771541761,0.99844,0.503703693524003,91.66
187,0.00399992595929319,0.9987,0.48475367218256,92.04
188,0.004622537103514937,0.99836,0.49685110583901404,92.22
189,0.00520603339303323,0.99838,0.4849384790658951,91.89
190,0.006022579620218338,0.99812,0.5072985289990902,91.56
191,0.005668837375089745,0.9979,0.508759221881628,91.73
192,0.004739674110718243,0.99856,0.5458220174908638,91.1
193,0.004851109525093528,0.99846,0.5109607198834419,91.6
194,0.004382652387319518,0.99854,0.5119495567679405,91.95
195,0.005102035849143172,0.99838,0.5440589351952076,91.4
196,0.0038738145434614414,0.99866,0.5181715645641088,91.84
197,0.006018688723169829,0.99804,0.4837421805411577,92.08
198,0.004413016766900449,0.99858,0.5032355487346649,91.54
199,0.004004140251704379,0.9988,0.4957261872291565,91.84
200,0.004656063594028849,0.99854,0.48177422031760214,92.29
201,0.005896592579419961,0.99798,0.511649534702301,91.57
202,0.005408296718850465,0.99808,0.5048447646200657,91.51
203,0.006075620965655807,0.99784,0.5279776230454445,91.11
204,0.00423516935425932,0.99852,0.49227469190955164,91.97
205,0.004816257886116958,0.99842,0.4850871327519417,92.12
206,0.004499291422922174,0.99854,0.4908090434968472,91.94
207,0.0033733066313726173,0.99892,0.5103157104551792,92.01
208,0.003830864320478171,0.99866,0.5147998406738042,92.33
209,0.005301589544629083,0.99814,0.49988743774592875,92.07
210,0.004794897421982492,0.99842,0.5040854804217816,91.78
211,0.004452535790293609,0.99854,0.4860391938686371,91.93
212,0.003259353149120155,0.99888,0.500267108976841,92.05
213,0.0038195502720392116,0.99878,0.5263267368078232,91.76
214,0.004578885984966708,0.99832,0.5218936893343925,91.97
215,0.004679910949120373,0.9986,0.5207938011735678,91.81
216,0.004836980110544073,0.99836,0.5830092965811491,90.73
217,0.006190677703631556,0.99786,0.5512514746189118,91.24
218,0.005595399991950363,0.9981,0.4946406437456608,91.99
219,0.004645003987204693,0.9984,0.5118114197254181,92.0
220,0.003845056308356151,0.99868,0.4846698718518019,92.24
221,0.002534270482843437,0.99916,0.5117379947006703,92.15
222,0.0041143642744416245,0.99856,0.5198497874289751,91.67
223,0.00400661909119095,0.99862,0.557248773574829,91.34
224,0.006210966577605747,0.99788,0.4837039487063885,91.71
225,0.0029199975664796463,0.9991,0.5039400255680084,91.92
226,0.0034656645173368893,0.99886,0.5140873643010855,92.15
227,0.004699600253566725,0.9985,0.5050480298697948,91.56
228,0.002917690024546841,0.99898,0.500151928588748,92.01
229,0.002961005635402949,0.99894,0.5319399690628052,91.56
230,0.00315855522938159,0.99884,0.5188568814098835,91.71
231,0.005999570125532324,0.99782,0.5018473288416863,91.71
232,0.004656620126444182,0.99864,0.5017183806747199,91.89
233,0.0040525700277684595,0.9986,0.530700503885746,91.49
234,0.004214295810643796,0.99846,0.5010047125816345,91.8
235,0.0039944197191908015,0.99864,0.500337421298027,91.9
236,0.0035684511227452235,0.99888,0.5429669097065926,91.41
237,0.004868813640321307,0.9984,0.47437230348587034,92.12
238,0.003306106604692881,0.99884,0.5059504269063473,92.01
239,0.004247869032865647,0.99874,0.507270083129406,91.85
240,0.0037652882525909936,0.9987,0.5136992655694484,91.88
241,0.004385297563608231,0.99848,0.5019813622534275,92.01
242,0.003479082587078604,0.99896,0.5230772699415683,91.69
243,0.004593125122892277,0.99848,0.5281739232689142,91.67
244,0.004149718822844688,0.9985,0.5282095742970705,91.87
245,0.004215125503275148,0.99866,0.5308565172553062,91.75
246,0.0023749522255052387,0.99926,0.5191414938867092,92.19
247,0.002642943744373191,0.9991,0.5160803187265992,92.27
248,0.002883083662939677,0.9991,0.5615500283241271,91.98
249,0.0038024099072093255,0.99888,0.5228118564188481,91.95
250,0.006234225843225598,0.99808,0.47725374877452853,92.14
251,0.002340809341579321,0.9992,0.5515825695544482,91.44
252,0.003082481241943386,0.999,0.5098872403800487,91.91
253,0.0029558181516168747,0.99912,0.5278231673687697,91.71
254,0.004082130548312589,0.99862,0.5162118216603995,91.93
255,0.004004795124511356,0.99876,0.5034830456972123,92.08
256,0.003442800900590678,0.99878,0.5226721739768982,92.1
257,0.002546368320194898,0.99924,0.5377293781936169,91.92
258,0.0027128012284137488,0.99912,0.5284237979352474,91.98
259,0.0037115349474808445,0.99882,0.5386705012619495,91.74
260,0.0031722786090791683,0.99886,0.5592333782464266,91.48
261,0.004030113577690271,0.99878,0.5504947043955326,91.55
262,0.002974857030736516,0.99884,0.5165060896426439,91.93
263,0.0022333687185631386,0.99914,0.53329629778862,92.15
264,0.004469468132080629,0.99838,0.5619682373106479,91.39
265,0.004679262385610729,0.99848,0.522346511632204,91.82
266,0.003397311748522322,0.99892,0.5199800610542298,91.72
267,0.0037371103873338235,0.99874,0.5156788550317287,91.95
268,0.0038556270987254535,0.99868,0.496697843670845,92.01
269,0.003044963511816986,0.99892,0.5054266257584095,92.32
270,0.0031590793901078076,0.99898,0.5018262474238873,92.21
271,0.0023940096883231427,0.99918,0.5134980684518814,92.28
272,0.0030208251570058003,0.99902,0.5742971254885196,91.56
273,0.004432311795084425,0.99862,0.5044439388811588,91.91
274,0.0033017246524834304,0.99884,0.4908942314982414,91.88
275,0.002143025251469858,0.99924,0.4971655610203743,92.11
276,0.0030184005713484803,0.99892,0.5068371743708849,92.09
277,0.0019476387411659069,0.99926,0.5332711765170097,92.02
278,0.0022597690524882937,0.99926,0.52397455483675,91.99
279,0.003073329520423699,0.99902,0.5310452239215374,91.89
280,0.002428192584572927,0.99914,0.5453303347527981,91.82
281,0.002169009560095075,0.99926,0.5648976904153824,91.87
282,0.003416757508570476,0.9989,0.5436892299354077,91.69
283,0.002745981966063831,0.99902,0.5278892533481121,91.92
284,0.003711391214157462,0.99868,0.53276710819453,91.97
285,0.002899192873855381,0.99906,0.5360779710114002,92.02
286,0.0031644041399748954,0.99904,0.5435135580599308,91.72
287,0.0031323940400123512,0.99902,0.5212143113464117,91.95
288,0.0031002093763912424,0.99884,0.5262878611683846,91.94
289,0.0020920504084782307,0.99938,0.5198038703203202,92.02
290,0.0020530621814148506,0.99928,0.5188738047331571,92.23
291,0.0019117548823659725,0.99942,0.5441001240909099,91.93
292,0.004510044599981512,0.99864,0.4950441624224186,92.0
293,0.0024359886298704024,0.99908,0.5013870999217034,92.12
294,0.0014392496012967041,0.9995,0.5180432423949242,92.15
295,0.003457106426926157,0.99884,0.5210926288366318,91.74
296,0.002181315891761178,0.99932,0.5412495678663254,91.83
297,0.00210913857898426,0.9993,0.5259713552892208,92.06
298,0.0015574440245738116,0.99952,0.6033201070129871,91.5
299,0.003110919878526312,0.99888,0.5286022429913282,92.13
300,0.002657079166444519,0.99924,0.547246483117342,91.74
301,0.002364679020108974,0.99924,0.559690830335021,91.61
302,0.0025352207367340296,0.99918,0.5352952611446381,91.7
303,0.0019371458741347515,0.99934,0.5286559969186783,92.08
304,0.0024507234773367566,0.99916,0.5443427856266498,91.99
305,0.00267320342952545,0.99902,0.54445506259799,91.97
306,0.003016725651283577,0.99894,0.5562114042043685,91.85
307,0.0023756873615406442,0.9992,0.5387584729492665,91.8
308,0.002359139945954555,0.99932,0.5355145616084337,92.31
309,0.0035968676990712693,0.99886,0.5713055877387524,91.25
310,0.002164048568142103,0.99922,0.5252882727980613,92.17
311,0.0027991583127730296,0.99902,0.5319664840400219,91.96
312,0.0027873716465985914,0.99904,0.5254425293207169,91.81
313,0.001646415042259809,0.9994,0.541059638634324,92.03
314,0.0036068200360021324,0.9989,0.5404626442492009,91.53
315,0.002369925467399559,0.99922,0.5229332464933395,92.03
316,0.0027890925050315343,0.99896,0.5219289933890104,92.16
317,0.0020797654014564344,0.99934,0.521002831608057,92.17
318,0.0017259003141919648,0.9994,0.5748386666178703,91.76
319,0.0029425881517207834,0.99904,0.5232653253525495,92.04
320,0.0024433010507879964,0.99928,0.5423231983184814,92.05
321,0.0029626404051892245,0.99904,0.5093980515748262,92.01
322,0.002250234292981023,0.99918,0.5395173073559999,92.13
323,0.0028088520421474445,0.99906,0.5195643377304077,92.25
324,0.003994741969232154,0.9987,0.5326245212554932,91.85
325,0.0023857093620997714,0.99916,0.5082864500582218,92.18
326,0.0019652765520248097,0.99924,0.5199675637483597,91.92
327,0.0029125057503698953,0.99916,0.526340401917696,91.67
328,0.0027366707618336392,0.99912,0.5259800446033478,91.75
329,0.0018000029866485987,0.99932,0.5262564469873905,92.13
330,0.0019083017140360135,0.99942,0.5174656178057194,92.1
331,0.0018433432225459505,0.99928,0.5343389657139778,91.97
332,0.0021804319280225013,0.99928,0.5227017187327146,92.08
333,0.003291868574722596,0.99896,0.5355035720765591,91.74
334,0.0024730932329843284,0.99914,0.5235950151830912,92.06
335,0.0015036554202018187,0.9995,0.5491149492561818,92.24
336,0.0010385234499528237,0.99966,0.568095533028245,91.97
337,0.0023060849312815847,0.99902,0.5613438302278518,92.06
338,0.003837294807974913,0.99874,0.5333671197295189,92.34
339,0.0025533897683287605,0.99922,0.5613499952852726,91.62
340,0.002756036883771635,0.99908,0.5086034401878714,92.35
341,0.0016135641280809179,0.99946,0.5340179847180844,91.97
342,0.002290835787952372,0.99924,0.5409378821402788,92.11
343,0.0031353193478149068,0.99914,0.5193127991259098,91.97
344,0.0016933907938106885,0.99948,0.5289790433645248,91.99
345,0.002135160397720354,0.9992,0.5467261603474617,92.09
346,0.001363055682397591,0.9995,0.565035911127925,91.82
347,0.002087128761669631,0.99922,0.5392372876405715,92.18
348,0.002977354860746936,0.99904,0.5525219649076462,91.72
349,0.0031716436757456006,0.99894,0.5401310448348522,91.95
350,0.002089814959887622,0.9993,0.49915383853018286,92.54
351,0.0025815896690189553,0.9992,0.5285317890718579,91.9
352,0.002779584524490873,0.99902,0.520002288967371,92.22
353,0.001695218345015923,0.99948,0.5326413549482822,92.18
354,0.0010473833726349828,0.9997,0.5372450517117977,92.11
355,0.001586895169275801,0.99952,0.5300596375018358,92.58
356,0.0022290757264170195,0.9994,0.6272491122037173,91.05
357,0.0021010276187411353,0.99928,0.5308660469949246,92.62
358,0.0036142312866799973,0.99878,0.5384253199398518,91.87
359,0.0020209255368809653,0.99922,0.494942332804203,92.63
360,0.0023280307722023078,0.99926,0.5332174342498184,92.12
361,0.0029177538838590046,0.99892,0.533606832139194,92.22
362,0.0018225783429754948,0.99942,0.522005625590682,92.44
363,0.0015542371689206194,0.99954,0.5287251804769039,92.29
364,0.0015961304440360996,0.99954,0.5305688421428204,92.12
365,0.003575697511463138,0.9989,0.5095476903766394,91.81
366,0.0025074929761154875,0.99914,0.49940154612064364,92.22
367,0.0018620764755684397,0.99932,0.5315992607176304,92.13
368,0.00220881889709998,0.99922,0.5257719974219799,92.16
369,0.0024127603510932555,0.999,0.5170819463580847,92.3
370,0.0021842136178784966,0.99926,0.5321113422513009,92.06
371,0.003251144612032939,0.99894,0.5246049408614636,91.94
372,0.0017880239573669385,0.99952,0.5196670161932707,92.24
373,0.0021799672290224574,0.99918,0.518076374232769,92.15
374,0.001912742956060856,0.99936,0.5292462299764157,92.16
375,0.002181554324520023,0.99924,0.549685670286417,91.83
376,0.002488936314268795,0.99928,0.5222167898714543,92.08
377,0.001272767997475441,0.99962,0.51975899040699,92.22
378,0.0021567513327807415,0.99926,0.5213753804564476,92.29
379,0.0028476724729837063,0.99896,0.52398781016469,91.92
380,0.0030079822191763717,0.9992,0.5188260331749917,91.73
381,0.002189122973123233,0.99926,0.502283838391304,92.13
382,0.0021982667353221564,0.99924,0.5150638495385647,92.03
383,0.0012732478599433246,0.99958,0.5209148451685905,92.23
384,0.0015226264534544324,0.99946,0.5320645350962877,92.17
385,0.0011531150250164482,0.99958,0.5361947444081306,92.41
386,0.0014156156185004488,0.99946,0.5429308111965656,92.32
387,0.0014614578060474714,0.99962,0.5528341963887214,92.32
388,0.0026174707771719568,0.99916,0.5238799137249589,92.27
389,0.0016870870728950378,0.99952,0.5598654426634312,91.9
390,0.0033426764104074664,0.99892,0.5318213796615601,91.88
391,0.002184942450441058,0.99938,0.5168430116772652,92.15
392,0.0020191606296145396,0.99934,0.501276069432497,92.52
393,0.001338468648284148,0.99954,0.5157187329232693,92.44
394,0.0010584815269522338,0.99966,0.5350475318729877,92.12
395,0.001165451891625019,0.99962,0.5433013029396534,92.21
396,0.0008012914310788255,0.99976,0.5595390474796296,92.34
397,0.0027200035808031516,0.99914,0.6316980935633183,91.29
398,0.002222856193243632,0.99934,0.5611916181445121,91.81
399,0.002164203568797587,0.99938,0.5754548831284046,91.93
